Id,Cl.thickness,Cell.size,Cell.shape,Marg.adhesion,Epith.c.size,Bare.nuclei,Bl.cromatin,Normal.nucleoli,Mitoses,Class
0.06994635268210826,0.4444444444444444,0.0,0.0,0.0,0.1111111111111111,0.0,0.2222222222222222,0.0,0.0,benign
0.0701644099605279,0.4444444444444444,0.3333333333333333,0.3333333333333333,0.4444444444444444,0.6666666666666666,1.0,0.2222222222222222,0.1111111111111111,0.0,benign
0.07109638079432143,0.2222222222222222,0.0,0.0,0.0,0.1111111111111111,0.1111111111111111,0.2222222222222222,0.0,0.0,benign
0.07116000572624387,0.5555555555555556,0.7777777777777778,0.7777777777777778,0.0,0.2222222222222222,0.3333333333333333,0.2222222222222222,0.6666666666666666,0.0,benign
0.07121571488025108,0.3333333333333333,0.0,0.0,0.2222222222222222,0.1111111111111111,0.0,0.2222222222222222,0.0,0.0,benign
0.07122310791811531,0.7777777777777778,1.0,1.0,0.7777777777777778,0.6666666666666666,1.0,0.8888888888888888,0.6666666666666666,0.0,malignant
0.07129606749380572,0.0,0.0,0.0,0.0,0.1111111111111111,1.0,0.2222222222222222,0.0,0.0,benign
0.0713305683371721,0.1111111111111111,0.0,0.1111111111111111,0.0,0.1111111111111111,0.0,0.2222222222222222,0.0,0.0,benign
0.07241465652580839,0.1111111111111111,0.0,0.0,0.0,0.1111111111111111,0.0,0.0,0.0,1.0,benign
0.07241465652580839,0.3333333333333333,0.1111111111111111,0.0,0.0,0.1111111111111111,0.0,0.1111111111111111,0.0,0.0,benign
0.07257931964187528,0.0,0.0,0.0,0.0,0.0,0.0,0.2222222222222222,0.0,0.0,benign
0.07264570762835303,0.1111111111111111,0.0,0.0,0.0,0.1111111111111111,0.0,0.1111111111111111,0.0,0.0,benign
0.073066065306512,0.4444444444444444,0.2222222222222222,0.2222222222222222,0.2222222222222222,0.1111111111111111,0.2222222222222222,0.3333333333333333,0.3333333333333333,0.0,malignant
0.07323020568252787,0.0,0.0,0.0,0.0,0.1111111111111111,0.2222222222222222,0.2222222222222222,0.0,0.0,benign
0.07327299568956022,0.7777777777777778,0.6666666666666666,0.4444444444444444,1.0,0.6666666666666666,0.8888888888888888,0.4444444444444444,0.4444444444444444,1.0,malignant
0.0735013584146997,0.6666666666666666,0.3333333333333333,0.5555555555555556,0.3333333333333333,0.5555555555555556,0.0,0.3333333333333333,0.2222222222222222,0.0,malignant
0.07357917200514943,0.3333333333333333,0.0,0.0,0.0,0.1111111111111111,0.0,0.1111111111111111,0.0,0.0,benign
0.0736645279877637,0.3333333333333333,0.0,0.0,0.0,0.1111111111111111,0.0,0.2222222222222222,0.0,0.0,benign
0.07372837695113657,1.0,0.6666666666666666,0.6666666666666666,0.5555555555555556,0.3333333333333333,1.0,0.3333333333333333,0.0,1.0,malignant
0.07373196145434348,0.5555555555555556,0.0,0.0,0.0,0.1111111111111111,0.0,0.2222222222222222,0.0,0.0,benign
0.07402111137969992,0.6666666666666666,0.2222222222222222,0.1111111111111111,1.0,0.4444444444444444,1.0,0.4444444444444444,0.3333333333333333,1.0,malignant
0.07402133541115036,1.0,0.4444444444444444,0.4444444444444444,0.2222222222222222,0.5555555555555556,0.6666666666666666,0.6666666666666666,1.0,0.0,malignant
0.07418495304711523,0.2222222222222222,0.0,0.0,0.0,0.1111111111111111,0.0,0.1111111111111111,0.0,0.0,benign
0.07439165939871303,0.0,0.0,0.0,0.0,0.1111111111111111,0.0,0.2222222222222222,0.0,0.0,benign
0.07485271612370031,0.4444444444444444,0.1111111111111111,0.2222222222222222,0.3333333333333333,0.1111111111111111,0.6666666666666666,0.2222222222222222,0.5555555555555556,0.0,malignant
0.07490103223984329,0.2222222222222222,0.1111111111111111,0.0,0.0,0.0,0.0,0.1111111111111111,0.0,0.0,benign
0.07494628659283038,0.4444444444444444,0.0,0.0,0.0,0.1111111111111111,0.0,0.1111111111111111,0.0,0.0,benign
0.07498101146764721,0.1111111111111111,0.0,0.0,0.0,0.1111111111111111,0.0,0.1111111111111111,0.0,0.0,benign
0.07524170939879891,0.0,0.0,0.2222222222222222,0.0,0.1111111111111111,0.0,0.0,0.0,0.0,benign
0.07524170939879891,0.2222222222222222,0.0,0.0,0.0,0.0,0.0,0.1111111111111111,0.0,0.0,benign
0.07530331804766748,0.1111111111111111,0.0,0.0,0.0,0.1111111111111111,0.0,0.2222222222222222,0.0,0.0,benign
0.07533460777357769,1.0,0.6666666666666666,0.6666666666666666,0.2222222222222222,0.7777777777777778,0.4444444444444444,0.6666666666666666,0.3333333333333333,1.0,malignant
0.07551614792557705,0.1111111111111111,0.0,0.0,0.1111111111111111,0.1111111111111111,0.0,0.2222222222222222,0.0,0.0,benign
0.07555445730360077,0.2222222222222222,0.0,0.1111111111111111,0.0,0.1111111111111111,0.0,0.1111111111111111,0.0,0.0,benign
0.07586668246835164,0.1111111111111111,0.0,0.0,0.0,0.1111111111111111,0.0,0.1111111111111111,0.0,0.0,benign
0.07593247303762825,1.0,1.0,1.0,0.7777777777777778,0.5555555555555556,0.0,0.7777777777777778,0.8888888888888888,0.0,malignant
0.07605240454075905,0.5555555555555556,0.1111111111111111,0.0,0.0,0.0,0.0,0.6666666666666666,0.0,0.0,benign
0.07626097782111044,0.4444444444444444,0.3333333333333333,0.3333333333333333,0.8888888888888888,0.1111111111111111,1.0,0.4444444444444444,0.5555555555555556,0.0,malignant
0.07675967182977016,0.1111111111111111,0.4444444444444444,0.2222222222222222,0.2222222222222222,0.5555555555555556,0.6666666666666666,0.6666666666666666,0.4444444444444444,0.0,malignant
0.07737560896415549,1.0,0.3333333333333333,0.2222222222222222,0.0,0.2222222222222222,0.2222222222222222,0.5555555555555556,0.4444444444444444,1.0,malignant
0.07745133159440122,0.5555555555555556,1.0,1.0,0.1111111111111111,0.7777777777777778,1.0,0.6666666666666666,0.2222222222222222,1.0,malignant
0.07760434507504568,0.4444444444444444,0.5555555555555556,0.4444444444444444,0.5555555555555556,1.0,0.0,0.2222222222222222,0.0,0.0,malignant
0.07768163592544443,1.0,1.0,1.0,0.3333333333333333,0.7777777777777778,0.0,0.7777777777777778,1.0,0.0,malignant
0.07769014912056081,0.0,0.0,0.0,0.0,0.1111111111111111,0.0,0.1111111111111111,0.0,1.0,benign
0.0778047785460314,0.2222222222222222,0.6666666666666666,0.6666666666666666,0.3333333333333333,0.3333333333333333,0.8888888888888888,0.3333333333333333,0.7777777777777778,0.0,malignant
0.07782471734511978,0.0,0.0,0.0,0.0,0.1111111111111111,0.0,0.1111111111111111,0.0,0.0,benign
0.07786735799785184,0.3333333333333333,0.0,0.0,0.2222222222222222,0.1111111111111111,0.0,0.2222222222222222,0.0,0.0,benign
0.07792217102605732,0.6666666666666666,0.7777777777777778,0.6666666666666666,0.1111111111111111,0.3333333333333333,0.7777777777777778,0.2222222222222222,0.7777777777777778,1.0,malignant
0.07803724851442878,0.8888888888888888,0.4444444444444444,0.7777777777777778,0.0,0.1111111111111111,0.2222222222222222,0.1111111111111111,0.0,1.0,malignant
0.07804314800929013,0.4444444444444444,0.2222222222222222,0.2222222222222222,0.3333333333333333,0.1111111111111111,0.3333333333333333,0.2222222222222222,0.3333333333333333,0.0,malignant
0.0781665893384777,1.0,0.2222222222222222,0.5555555555555556,0.1111111111111111,0.2222222222222222,0.4444444444444444,0.3333333333333333,1.0,1.0,malignant
0.07819653487568533,0.4444444444444444,0.4444444444444444,0.4444444444444444,0.7777777777777778,1.0,0.7777777777777778,0.6666666666666666,0.2222222222222222,1.0,malignant
0.07819810309583834,1.0,0.4444444444444444,0.4444444444444444,0.5555555555555556,0.7777777777777778,0.7777777777777778,0.6666666666666666,0.0,0.0,malignant
0.07825224402969252,1.0,0.5555555555555556,0.5555555555555556,0.2222222222222222,0.3333333333333333,0.4444444444444444,0.2222222222222222,0.5555555555555556,0.0,malignant
0.0783239340938305,0.7777777777777778,1.0,1.0,0.0,0.2222222222222222,0.5555555555555556,0.2222222222222222,0.8888888888888888,0.0,malignant
0.07838584145129963,0.7777777777777778,0.1111111111111111,0.3333333333333333,0.0,0.4444444444444444,0.0,0.4444444444444444,0.3333333333333333,1.0,malignant
0.07841907278311358,0.4444444444444444,0.1111111111111111,0.2222222222222222,0.0,0.5555555555555556,1.0,0.4444444444444444,0.0,0.0,malignant
0.07845066121762438,0.8888888888888888,0.4444444444444444,0.4444444444444444,0.1111111111111111,0.1111111111111111,0.1111111111111111,0.4444444444444444,0.0,0.0,malignant
0.07855341697622212,0.4444444444444444,0.2222222222222222,0.4444444444444444,0.4444444444444444,0.2222222222222222,0.2222222222222222,0.3333333333333333,1.0,0.0,malignant
0.0785542384248737,0.0,0.0,0.0,0.0,0.1111111111111111,0.1111111111111111,0.1111111111111111,0.0,0.0,benign
0.07861569771944198,0.8888888888888888,1.0,1.0,0.0,1.0,0.7777777777777778,0.2222222222222222,0.2222222222222222,0.0,malignant
0.07861689255384428,0.5555555555555556,0.2222222222222222,0.3333333333333333,0.0,0.4444444444444444,0.1111111111111111,0.2222222222222222,0.8888888888888888,0.0,malignant
0.07862137318285291,0.0,0.0,0.0,0.0,0.1111111111111111,0.0,0.1111111111111111,0.0,0.0,benign
0.07868156296586873,1.0,0.3333333333333333,0.1111111111111111,0.0,0.2222222222222222,0.1111111111111111,0.3333333333333333,0.2222222222222222,1.0,malignant
0.07869306324699087,0.3333333333333333,0.0,0.0,0.0,0.1111111111111111,0.0,0.2222222222222222,0.0,0.0,benign
0.07875930187916834,0.4444444444444444,0.2222222222222222,0.3333333333333333,0.0,0.7777777777777778,1.0,0.3333333333333333,0.8888888888888888,0.0,malignant
0.0789474882975305,0.7777777777777778,0.2222222222222222,0.7777777777777778,0.2222222222222222,0.3333333333333333,0.8888888888888888,0.7777777777777778,0.8888888888888888,1.0,malignant
0.07903508459464907,0.0,0.0,0.0,0.0,0.1111111111111111,0.0,0.2222222222222222,0.1111111111111111,0.0,benign
0.07904904922172594,0.4444444444444444,0.0,0.2222222222222222,0.0,0.1111111111111111,0.0,0.1111111111111111,0.0,0.0,benign
0.07913433052719006,0.5555555555555556,1.0,0.1111111111111111,0.7777777777777778,1.0,0.1111111111111111,0.6666666666666666,0.7777777777777778,1.0,malignant
0.07925306719591857,0.0,0.2222222222222222,0.2222222222222222,0.1111111111111111,0.1111111111111111,0.0,0.6666666666666666,0.1111111111111111,0.0,benign
0.07928174322157375,0.8888888888888888,0.3333333333333333,0.4444444444444444,1.0,0.5555555555555556,1.0,0.3333333333333333,0.7777777777777778,0.0,malignant
0.07938494704307236,1.0,0.5555555555555556,0.3333333333333333,0.0,0.2222222222222222,0.3333333333333333,0.2222222222222222,0.1111111111111111,1.0,malignant
0.07974914750432324,0.0,0.0,0.1111111111111111,0.0,0.1111111111111111,0.1111111111111111,0.3333333333333333,0.1111111111111111,0.0,benign
0.07982778254342458,0.0,0.0,0.3333333333333333,0.0,0.1111111111111111,0.0,0.1111111111111111,0.0,0.0,benign
0.07987960848562431,0.4444444444444444,0.2222222222222222,0.0,0.1111111111111111,0.1111111111111111,0.0,0.1111111111111111,0.0,0.0,benign
0.07988670281488797,0.2222222222222222,0.0,0.0,0.0,0.1111111111111111,0.2222222222222222,0.2222222222222222,0.0,0.0,benign
0.08011118232821997,0.1111111111111111,0.0,0.0,0.0,0.2222222222222222,0.0,0.1111111111111111,0.0,0.0,benign
0.08018690495846569,0.1111111111111111,0.1111111111111111,0.1111111111111111,0.0,0.0,0.0,0.6666666666666666,0.0,0.0,benign
0.0806963524767461,0.3333333333333333,0.0,0.0,0.1111111111111111,0.1111111111111111,0.0,0.1111111111111111,0.0,0.0,benign
0.0806963524767461,0.4444444444444444,0.1111111111111111,0.0,0.0,0.1111111111111111,0.0,0.2222222222222222,0.0,0.0,benign
0.08092531261908671,0.2222222222222222,0.0,0.0,0.0,0.1111111111111111,0.1111111111111111,0.6666666666666666,0.0,0.0,benign
0.08097422615243086,0.2222222222222222,0.4444444444444444,0.6666666666666666,0.7777777777777778,0.7777777777777778,0.8888888888888888,0.6666666666666666,1.0,1.0,malignant
0.0809778853327879,0.4444444444444444,1.0,0.5555555555555556,0.0,1.0,0.3333333333333333,0.3333333333333333,1.0,1.0,malignant
0.08101746422236406,0.2222222222222222,0.2222222222222222,0.5555555555555556,0.3333333333333333,0.4444444444444444,0.7777777777777778,0.3333333333333333,0.3333333333333333,0.0,malignant
0.08106189712669956,0.2222222222222222,0.5555555555555556,0.5555555555555556,0.5555555555555556,0.4444444444444444,1.0,0.5555555555555556,0.7777777777777778,1.0,malignant
0.08132013071189653,0.3333333333333333,0.0,0.0,0.0,0.1111111111111111,0.0,0.2222222222222222,0.0,0.0,benign
0.08156021774960856,0.1111111111111111,0.0,0.0,0.1111111111111111,0.2222222222222222,0.0,0.1111111111111111,0.0,0.0,benign
0.0816144333606129,0.0,0.0,0.0,0.0,0.1111111111111111,0.0,0.2222222222222222,0.0,0.0,benign
0.08166491511411005,0.2222222222222222,0.0,0.0,0.1111111111111111,0.1111111111111111,0.0,0.0,0.0,0.0,benign
0.08172361135412301,0.3333333333333333,0.0,0.0,0.0,0.1111111111111111,0.0,0.2222222222222222,0.0,0.0,benign
0.08176192073214673,0.0,0.0,0.0,0.0,0.1111111111111111,0.0,0.1111111111111111,0.0,0.0,benign
0.08192837609981707,0.1111111111111111,0.0,0.0,0.0,0.1111111111111111,0.0,0.2222222222222222,0.0,0.0,benign
0.08219646706883299,0.0,0.0,0.0,0.0,0.1111111111111111,0.0,0.2222222222222222,0.0,0.0,benign
0.0822883946406599,0.1111111111111111,0.0,0.0,0.1111111111111111,0.1111111111111111,0.0,0.0,0.0,0.0,benign
0.08232521047568075,0.4444444444444444,0.0,0.0,0.0,0.1111111111111111,0.0,0.2222222222222222,0.0,0.0,benign
0.0823353665681003,0.8888888888888888,0.5555555555555556,0.8888888888888888,0.1111111111111111,1.0,0.5555555555555556,0.1111111111111111,0.8888888888888888,1.0,malignant
0.08238793928180146,0.6666666666666666,0.4444444444444444,0.5555555555555556,1.0,0.4444444444444444,1.0,0.6666666666666666,0.8888888888888888,1.0,malignant
0.08238973153340493,1.0,0.2222222222222222,0.4444444444444444,0.0,1.0,0.4444444444444444,0.2222222222222222,1.0,1.0,malignant
0.08244835309626773,0.1111111111111111,0.2222222222222222,0.3333333333333333,0.3333333333333333,0.1111111111111111,0.4444444444444444,0.1111111111111111,0.4444444444444444,0.0,malignant
0.08245074276507233,0.3333333333333333,0.0,0.1111111111111111,0.0,0.1111111111111111,0.0,0.2222222222222222,0.0,0.0,benign
0.08251705607439995,0.7777777777777778,0.1111111111111111,0.2222222222222222,0.0,0.5555555555555556,0.2222222222222222,0.6666666666666666,0.0,0.0,malignant
0.08254520936000413,1.0,1.0,1.0,1.0,1.0,0.0,0.7777777777777778,0.7777777777777778,1.0,malignant
0.08256858330799911,0.6666666666666666,0.2222222222222222,0.3333333333333333,0.3333333333333333,0.2222222222222222,0.2222222222222222,0.2222222222222222,0.1111111111111111,1.0,malignant
0.082670891003696,1.0,1.0,1.0,0.7777777777777778,0.1111111111111111,1.0,0.3333333333333333,0.0,0.0,malignant
0.08267096568084614,0.0,0.5555555555555556,0.7777777777777778,1.0,0.7777777777777778,1.0,0.4444444444444444,0.6666666666666666,0.0,malignant
0.08276729920453153,0.0,0.0,0.0,0.0,0.1111111111111111,0.0,0.1111111111111111,0.2222222222222222,0.0,benign
0.08276729920453153,0.5555555555555556,0.4444444444444444,0.3333333333333333,0.3333333333333333,0.2222222222222222,0.8888888888888888,0.6666666666666666,0.7777777777777778,1.0,malignant
0.08277364676229375,0.0,0.2222222222222222,0.0,0.1111111111111111,0.1111111111111111,0.1111111111111111,0.4444444444444444,0.2222222222222222,1.0,benign
0.08277738061980093,0.7777777777777778,0.5555555555555556,0.3333333333333333,0.2222222222222222,0.4444444444444444,0.8888888888888888,0.2222222222222222,0.0,0.0,malignant
0.08280030650489505,1.0,0.2222222222222222,0.2222222222222222,1.0,0.1111111111111111,1.0,0.6666666666666666,0.2222222222222222,1.0,malignant
0.08287976299264796,1.0,1.0,1.0,0.2222222222222222,1.0,0.7777777777777778,0.7777777777777778,0.0,0.0,malignant
0.08288118185850069,0.2222222222222222,0.2222222222222222,0.1111111111111111,0.0,0.1111111111111111,0.2222222222222222,0.2222222222222222,0.0,0.0,benign
0.08288954569931678,0.0,0.0,0.0,0.0,0.1111111111111111,0.4444444444444444,0.0,0.0,0.0,benign
0.08288954569931678,0.7777777777777778,0.2222222222222222,0.2222222222222222,0.0,0.1111111111111111,0.1111111111111111,0.2222222222222222,0.1111111111111111,0.0,benign
0.08290164339764007,0.3333333333333333,0.4444444444444444,0.4444444444444444,1.0,0.3333333333333333,1.0,0.6666666666666666,0.4444444444444444,1.0,malignant
0.08290201678339079,0.0,0.0,0.0,0.0,0.3333333333333333,0.2222222222222222,0.0,0.0,0.0,benign
0.08291448786746479,0.2222222222222222,0.1111111111111111,0.0,0.0,0.1111111111111111,0.1111111111111111,0.2222222222222222,0.0,0.0,benign
0.08294256647591883,0.0,0.0,0.1111111111111111,0.1111111111111111,0.1111111111111111,0.0,0.2222222222222222,0.0,0.0,benign
0.08294256647591883,0.3333333333333333,0.1111111111111111,0.0,0.0,0.1111111111111111,0.1111111111111111,0.2222222222222222,0.0,0.0,benign
0.08294809258502946,1.0,1.0,1.0,0.1111111111111111,1.0,1.0,0.4444444444444444,0.2222222222222222,1.0,malignant
0.08297027169862214,0.4444444444444444,0.2222222222222222,0.4444444444444444,0.0,0.7777777777777778,1.0,0.4444444444444444,0.2222222222222222,0.0,malignant
0.083082959518189,0.4444444444444444,0.3333333333333333,0.5555555555555556,0.6666666666666666,0.8888888888888888,0.6666666666666666,0.7777777777777778,1.0,0.0,malignant
0.0831179831016064,0.0,0.0,0.0,0.0,0.1111111111111111,0.0,0.1111111111111111,0.0,0.0,benign
0.08315345474792467,0.6666666666666666,0.4444444444444444,0.2222222222222222,0.6666666666666666,0.3333333333333333,1.0,0.6666666666666666,0.4444444444444444,1.0,malignant
0.08316435761184565,0.2222222222222222,0.0,0.0,0.0,0.1111111111111111,0.0,0.2222222222222222,0.0,0.0,benign
0.08319213751169911,0.7777777777777778,0.2222222222222222,0.4444444444444444,0.3333333333333333,0.4444444444444444,1.0,0.0,0.5555555555555556,1.0,malignant
0.08320057602966535,0.0,0.0,0.0,0.0,1.0,0.0,0.0,0.0,0.0,benign
0.08328033122601883,0.4444444444444444,0.0,0.2222222222222222,0.0,0.1111111111111111,0.0,0.1111111111111111,0.0,0.0,benign
0.08337278153789675,0.1111111111111111,0.0,0.0,0.0,0.1111111111111111,0.0,0.2222222222222222,0.0,0.0,benign
0.08340086014635079,0.4444444444444444,1.0,0.7777777777777778,1.0,0.7777777777777778,1.0,0.2222222222222222,0.5555555555555556,1.0,malignant
0.08342542892874806,0.2222222222222222,0.0,0.0,0.0,0.1111111111111111,0.0,0.1111111111111111,0.1111111111111111,0.0,benign
0.08344842949099233,0.2222222222222222,0.0,0.0,0.0,0.2222222222222222,0.0,0.1111111111111111,0.0,0.0,benign
0.08348763499481777,0.4444444444444444,0.0,0.0,0.0,0.1111111111111111,0.1111111111111111,0.2222222222222222,0.2222222222222222,0.0,benign
0.0835658966481684,0.3333333333333333,0.0,0.0,0.0,0.1111111111111111,0.0,0.1111111111111111,0.0,0.0,benign
0.08356634471106925,0.2222222222222222,0.0,0.0,0.0,0.1111111111111111,0.0,0.0,0.0,0.0,benign
0.08362832674568853,0.3333333333333333,0.0,0.1111111111111111,0.0,0.1111111111111111,0.0,0.1111111111111111,0.0,0.0,benign
0.0836489376391282,0.2222222222222222,0.0,0.0,0.0,0.1111111111111111,0.0,0.0,0.0,0.0,benign
0.08367843511343497,0.1111111111111111,0.0,0.0,0.0,0.1111111111111111,0.0,0.0,0.0,0.0,benign
0.0836838118682453,0.8888888888888888,0.4444444444444444,0.4444444444444444,0.3333333333333333,0.3333333333333333,0.4444444444444444,0.3333333333333333,0.2222222222222222,1.0,malignant
0.08369882197542419,0.0,0.0,0.0,0.0,0.1111111111111111,0.4444444444444444,0.0,0.0,0.0,benign
0.08370307857298238,0.1111111111111111,0.0,0.0,0.0,0.1111111111111111,0.0,0.1111111111111111,0.0,0.0,benign
0.083805236914379,0.2222222222222222,0.3333333333333333,0.4444444444444444,0.1111111111111111,0.5555555555555556,0.7777777777777778,0.3333333333333333,0.0,0.0,malignant
0.08380531159152914,0.0,0.0,0.0,0.0,0.2222222222222222,0.1111111111111111,0.1111111111111111,0.0,0.0,benign
0.08394324028784457,0.2222222222222222,0.0,0.0,0.2222222222222222,0.7777777777777778,0.0,0.4444444444444444,0.7777777777777778,0.0,benign
0.08396922793609458,0.7777777777777778,0.7777777777777778,0.6666666666666666,0.3333333333333333,1.0,1.0,0.6666666666666666,0.7777777777777778,1.0,malignant
0.08401903759524043,0.0,0.0,0.0,0.0,0.0,0.0,0.2222222222222222,0.0,0.0,benign
0.08407833125245455,0.6666666666666666,0.1111111111111111,0.3333333333333333,0.0,0.5555555555555556,1.0,0.4444444444444444,0.3333333333333333,1.0,malignant
0.08407982479545742,1.0,1.0,0.7777777777777778,0.5555555555555556,0.3333333333333333,0.4444444444444444,0.7777777777777778,1.0,0.0,malignant
0.08416256707781665,0.3333333333333333,0.0,0.0,0.0,0.1111111111111111,0.2222222222222222,0.0,0.0,0.0,benign
0.08416936269847973,0.0,0.0,0.0,0.0,0.1111111111111111,0.0,0.0,0.0,0.0,benign
0.08430676865474417,0.4444444444444444,0.4444444444444444,0.4444444444444444,0.5555555555555556,0.2222222222222222,1.0,0.2222222222222222,0.0,0.0,malignant
0.08436397135175425,0.0,0.1111111111111111,0.1111111111111111,0.0,0.1111111111111111,0.0,0.1111111111111111,0.0,0.0,benign
0.08437285793262135,0.1111111111111111,0.0,0.0,0.0,0.1111111111111111,0.0,0.2222222222222222,0.0,0.0,benign
0.0846032369408147,0.8888888888888888,0.8888888888888888,1.0,0.2222222222222222,0.5555555555555556,1.0,0.6666666666666666,1.0,1.0,malignant
0.0846495367739038,1.0,0.6666666666666666,0.6666666666666666,0.3333333333333333,0.4444444444444444,1.0,0.4444444444444444,0.6666666666666666,1.0,malignant
0.08466185850367751,0.3333333333333333,0.0,0.0,0.0,0.1111111111111111,0.0,0.2222222222222222,0.1111111111111111,0.0,benign
0.08467604716220482,0.2222222222222222,0.0,0.0,0.0,0.1111111111111111,0.0,0.2222222222222222,0.0,0.0,benign
0.08468874227772925,0.0,0.0,0.0,0.1111111111111111,0.0,0.2222222222222222,0.0,0.0,1.0,benign
0.08472899326165671,0.3333333333333333,0.0,0.0,0.0,0.1111111111111111,0.1111111111111111,0.2222222222222222,0.1111111111111111,0.0,benign
0.08473003874175872,0.4444444444444444,0.5555555555555556,0.6666666666666666,0.7777777777777778,0.7777777777777778,1.0,0.2222222222222222,1.0,1.0,malignant
0.08474012015702813,1.0,0.7777777777777778,1.0,1.0,0.5555555555555556,0.0,0.2222222222222222,0.0,1.0,malignant
0.08477842953505185,0.2222222222222222,0.0,0.0,0.0,0.1111111111111111,0.0,0.2222222222222222,0.0,0.0,benign
0.08482159292783492,0.0,0.0,0.0,0.1111111111111111,0.0,0.0,0.0,0.0,0.0,benign
0.0848598276287085,0.2222222222222222,0.0,0.0,0.0,0.1111111111111111,0.0,0.0,0.0,0.0,benign
0.08487864627054471,0.0,0.0,0.0,0.0,0.1111111111111111,0.0,0.2222222222222222,0.0,0.0,benign
0.0849375665420081,0.0,0.0,0.0,0.0,0.1111111111111111,0.0,0.1111111111111111,0.0,0.0,benign
0.08494316732826888,0.5555555555555556,1.0,1.0,1.0,0.7777777777777778,1.0,1.0,1.0,1.0,malignant
0.08494652780002535,0.7777777777777778,0.5555555555555556,0.4444444444444444,0.3333333333333333,0.2222222222222222,1.0,0.5555555555555556,0.0,0.0,malignant
0.08495100842903397,0.4444444444444444,0.7777777777777778,0.6666666666666666,0.6666666666666666,1.0,1.0,0.4444444444444444,0.6666666666666666,0.0,malignant
0.08501687367546072,0.1111111111111111,0.0,0.0,0.0,0.1111111111111111,0.0,0.2222222222222222,0.0,0.0,benign
0.08502449074477537,0.4444444444444444,1.0,1.0,0.2222222222222222,0.7777777777777778,0.0,0.4444444444444444,1.0,1.0,malignant
0.08503860472615254,0.3333333333333333,0.0,0.0,0.0,0.1111111111111111,0.0,0.2222222222222222,0.0,0.0,benign
0.08508990792830128,0.4444444444444444,0.2222222222222222,0.2222222222222222,0.2222222222222222,0.5555555555555556,1.0,0.2222222222222222,0.0,0.0,malignant
0.08511111623894209,0.0,0.0,0.0,0.0,0.0,0.0,0.2222222222222222,0.0,0.0,benign
0.08519669625300678,0.0,0.0,0.0,0.0,0.1111111111111111,0.0,0.0,0.0,0.0,benign
0.08524568446350106,0.5555555555555556,0.0,0.0,0.0,0.1111111111111111,0.0,0.2222222222222222,0.0,0.0,benign
0.08526360697953554,0.4444444444444444,0.7777777777777778,0.7777777777777778,0.7777777777777778,0.4444444444444444,1.0,0.6666666666666666,0.7777777777777778,0.0,malignant
0.08529653960274892,0.7777777777777778,0.6666666666666666,0.5555555555555556,0.3333333333333333,0.3333333333333333,1.0,0.4444444444444444,0.0,0.0,malignant
0.08533462494932222,0.1111111111111111,0.0,0.0,0.0,0.0,0.0,0.2222222222222222,0.0,0.0,benign
0.08537987930230931,0.0,0.4444444444444444,0.7777777777777778,0.5555555555555556,0.4444444444444444,0.7777777777777778,0.6666666666666666,1.0,0.0,malignant
0.08539078216623029,1.0,0.4444444444444444,0.5555555555555556,1.0,0.5555555555555556,1.0,0.6666666666666666,0.6666666666666666,1.0,malignant
0.08547628750314484,0.4444444444444444,0.7777777777777778,0.3333333333333333,1.0,0.4444444444444444,0.7777777777777778,0.8888888888888888,1.0,0.0,malignant
0.08549981080544011,0.0,0.1111111111111111,0.2222222222222222,0.0,0.1111111111111111,0.0,0.2222222222222222,0.0,0.0,benign
0.08569860137912268,1.0,1.0,1.0,0.7777777777777778,0.5555555555555556,0.7777777777777778,0.6666666666666666,1.0,0.0,malignant
0.08571644921800702,0.6666666666666666,0.4444444444444444,1.0,1.0,1.0,1.0,0.3333333333333333,1.0,1.0,malignant
0.08579336668265504,0.4444444444444444,0.0,0.0,0.0,0.1111111111111111,0.0,0.1111111111111111,0.0,0.0,benign
0.08579478554850778,0.0,0.0,0.0,0.0,0.1111111111111111,0.0,0.2222222222222222,0.0,0.0,benign
0.08580755534118235,0.2222222222222222,0.0,0.0,0.0,0.1111111111111111,0.0,0.2222222222222222,0.0,0.0,benign
0.08580755534118235,0.3333333333333333,0.0,0.0,0.0,0.1111111111111111,0.0,0.2222222222222222,0.0,0.0,benign
0.0858787226652693,0.7777777777777778,0.3333333333333333,0.3333333333333333,0.4444444444444444,0.3333333333333333,0.6666666666666666,0.6666666666666666,0.7777777777777778,1.0,benign
0.08587932008247046,0.4444444444444444,0.0,0.0,0.3333333333333333,0.1111111111111111,0.0,0.2222222222222222,0.0,0.0,benign
0.08593226618192235,0.0,0.0,0.0,0.0,0.1111111111111111,0.0,0.0,0.0,0.0,benign
0.08596691637958903,0.2222222222222222,0.0,0.0,0.0,0.1111111111111111,0.0,0.1111111111111111,0.0,0.0,benign
0.08599753401114796,0.8888888888888888,0.6666666666666666,0.6666666666666666,0.4444444444444444,0.4444444444444444,1.0,0.6666666666666666,0.7777777777777778,1.0,malignant
0.08612657612659629,1.0,0.7777777777777778,0.7777777777777778,0.3333333333333333,1.0,1.0,0.7777777777777778,0.0,0.0,malignant
0.08614546944558264,0.0,0.0,0.0,0.0,0.1111111111111111,0.0,0.2222222222222222,0.0,0.0,benign
0.0861532358691976,0.4444444444444444,0.0,0.0,0.0,0.1111111111111111,0.0,0.2222222222222222,0.0,0.0,benign
0.0861691421021782,0.0,0.0,0.0,0.0,0.1111111111111111,0.0,0.2222222222222222,0.0,0.0,benign
0.08623194558544907,0.4444444444444444,1.0,1.0,0.8888888888888888,0.5555555555555556,1.0,0.6666666666666666,1.0,1.0,malignant
0.08627944025294047,1.0,1.0,0.8888888888888888,0.2222222222222222,0.6666666666666666,0.4444444444444444,0.2222222222222222,0.4444444444444444,0.0,malignant
0.08628832683380758,0.0,0.0,0.0,0.0,0.0,0.0,0.2222222222222222,0.0,0.0,benign
0.08628832683380758,0.0,0.0,0.0,0.0,0.0,0.0,0.2222222222222222,0.0,0.0,benign
0.08632910055778603,0.4444444444444444,0.0,0.0,0.0,0.0,0.0,0.2222222222222222,0.0,0.0,benign
0.08633798713865314,0.7777777777777778,1.0,1.0,1.0,0.4444444444444444,1.0,0.7777777777777778,1.0,1.0,malignant
0.08636292930680114,0.7777777777777778,1.0,0.7777777777777778,0.7777777777777778,0.3333333333333333,0.7777777777777778,0.6666666666666666,0.6666666666666666,0.0,malignant
0.08639810224451883,0.0,0.0,0.0,0.0,0.1111111111111111,0.0,0.2222222222222222,0.0,0.0,benign
0.08651258231568913,1.0,1.0,1.0,1.0,0.6666666666666666,1.0,0.6666666666666666,1.0,1.0,malignant
0.08652632291131558,1.0,1.0,1.0,1.0,0.2222222222222222,1.0,1.0,0.5555555555555556,0.0,malignant
0.08659271089779334,0.7777777777777778,0.6666666666666666,0.7777777777777778,0.6666666666666666,0.4444444444444444,0.4444444444444444,0.4444444444444444,1.0,1.0,malignant
0.08661854919174307,0.0,0.0,0.0,0.0,0.1111111111111111,0.0,0.1111111111111111,0.0,0.0,benign
0.08662930270136376,0.0,0.0,0.0,0.0,0.1111111111111111,0.0,0.2222222222222222,0.0,0.0,benign
0.0866567092154665,0.5555555555555556,1.0,0.6666666666666666,0.6666666666666666,0.5555555555555556,0.3333333333333333,0.7777777777777778,1.0,1.0,malignant
0.08666970303959151,0.5555555555555556,0.0,0.2222222222222222,0.0,0.1111111111111111,0.0,0.2222222222222222,0.0,0.0,benign
0.08669673616794353,0.0,0.0,0.0,0.1111111111111111,0.1111111111111111,0.0,0.2222222222222222,0.0,0.0,benign
0.0868065115786548,1.0,0.5555555555555556,0.3333333333333333,0.2222222222222222,1.0,1.0,0.8888888888888888,1.0,0.0,malignant
0.0868224178116354,0.3333333333333333,0.0,0.0,0.2222222222222222,0.0,0.4444444444444444,0.1111111111111111,0.0,0.0,malignant
0.08686722410172162,0.6666666666666666,0.4444444444444444,0.5555555555555556,0.2222222222222222,0.2222222222222222,0.7777777777777778,0.6666666666666666,0.3333333333333333,0.0,malignant
0.08691188103750756,1.0,0.4444444444444444,0.4444444444444444,0.5555555555555556,0.2222222222222222,1.0,0.6666666666666666,0.8888888888888888,1.0,malignant
0.08691442006061245,0.0,0.0,0.0,0.0,0.1111111111111111,0.0,0.1111111111111111,0.0,0.0,benign
0.08693211854519652,1.0,0.4444444444444444,0.6666666666666666,0.3333333333333333,0.3333333333333333,1.0,0.7777777777777778,0.8888888888888888,0.0,malignant
0.08698222691294295,0.7777777777777778,0.8888888888888888,0.8888888888888888,0.4444444444444444,0.2222222222222222,0.4444444444444444,0.6666666666666666,0.6666666666666666,0.0,malignant
0.0869941005798158,0.0,0.0,0.0,0.0,0.0,0.0,0.2222222222222222,0.0,0.0,benign
0.08713329878768368,1.0,1.0,1.0,0.2222222222222222,1.0,1.0,0.8888888888888888,1.0,0.0,malignant
0.0871716081657074,0.6666666666666666,0.3333333333333333,0.6666666666666666,0.3333333333333333,0.2222222222222222,0.6666666666666666,0.6666666666666666,0.5555555555555556,0.0,malignant
0.08722380749365785,0.5555555555555556,0.7777777777777778,0.6666666666666666,0.4444444444444444,0.5555555555555556,0.7777777777777778,0.7777777777777778,0.8888888888888888,1.0,malignant
0.0872476295045537,0.7777777777777778,0.3333333333333333,0.5555555555555556,0.2222222222222222,0.2222222222222222,0.0,0.3333333333333333,0.2222222222222222,0.0,benign
0.08728638694547829,1.0,0.3333333333333333,0.4444444444444444,0.4444444444444444,0.4444444444444444,1.0,0.3333333333333333,0.0,0.0,malignant
0.08757150430472699,0.2222222222222222,0.2222222222222222,0.1111111111111111,0.0,0.2222222222222222,0.0,0.2222222222222222,0.5555555555555556,0.0,benign
0.0879834234649197,1.0,0.7777777777777778,0.7777777777777778,0.1111111111111111,0.7777777777777778,1.0,0.3333333333333333,0.7777777777777778,1.0,malignant
0.08799238472293694,0.8888888888888888,0.7777777777777778,0.7777777777777778,0.4444444444444444,0.5555555555555556,0.1111111111111111,0.3333333333333333,1.0,1.0,malignant
0.08804353857078538,0.7777777777777778,1.0,1.0,0.7777777777777778,0.5555555555555556,0.8888888888888888,0.2222222222222222,1.0,1.0,malignant
0.08811015058871358,1.0,0.3333333333333333,0.2222222222222222,0.1111111111111111,0.2222222222222222,1.0,0.4444444444444444,0.2222222222222222,1.0,malignant
0.09014308664707586,0.4444444444444444,0.0,0.2222222222222222,0.2222222222222222,0.1111111111111111,0.1111111111111111,0.1111111111111111,0.2222222222222222,0.0,benign
0.09056217481368238,0.2222222222222222,0.0,0.0,0.2222222222222222,0.0,0.0,0.2222222222222222,0.0,0.0,benign
0.0906314005318656,0.1111111111111111,0.0,0.0,0.0,0.1111111111111111,0.0,0.2222222222222222,0.0,0.0,benign
0.004830416779895896,0.0,0.0,0.0,0.0,0.1111111111111111,0.4444444444444444,0.4444444444444444,0.0,0.0,benign
0.09126712711103903,0.0,0.0,0.0,0.0,0.1111111111111111,0.0,0.2222222222222222,0.0,0.0,benign
0.09143470263596151,0.4444444444444444,0.0,0.0,0.1111111111111111,0.1111111111111111,0.1111111111111111,0.2222222222222222,0.0,0.0,benign
0.0060871585396644326,0.7777777777777778,1.0,1.0,0.7777777777777778,0.4444444444444444,1.0,0.6666666666666666,0.7777777777777778,0.0,malignant
0.006128903066594768,0.7777777777777778,0.3333333333333333,0.3333333333333333,0.0,0.1111111111111111,0.8888888888888888,0.2222222222222222,0.2222222222222222,0.0,malignant
0.007777849218918082,0.3333333333333333,0.0,0.0,0.0,0.1111111111111111,0.0,0.2222222222222222,0.5555555555555556,0.0,benign
0.00900143432402281,0.0,0.1111111111111111,0.1111111111111111,0.0,0.1111111111111111,0.0,0.0,0.0,0.0,benign
0.009549340574627228,1.0,0.3333333333333333,0.3333333333333333,1.0,0.1111111111111111,1.0,0.4444444444444444,0.2222222222222222,1.0,malignant
0.07121571488025108,0.5555555555555556,0.2222222222222222,0.2222222222222222,0.4444444444444444,0.2222222222222222,1.0,0.2222222222222222,0.4444444444444444,1.0,benign
0.07745133159440122,0.5555555555555556,1.0,1.0,0.1111111111111111,0.7777777777777778,1.0,0.6666666666666666,0.2222222222222222,1.0,malignant
0.07861569771944198,0.8888888888888888,1.0,1.0,0.0,1.0,0.7777777777777778,0.2222222222222222,0.2222222222222222,0.0,malignant
0.08254520936000413,0.4444444444444444,0.5555555555555556,0.5555555555555556,0.1111111111111111,0.3333333333333333,1.0,0.2222222222222222,0.5555555555555556,0.0,malignant
0.0835658966481684,0.2222222222222222,0.0,0.0,0.0,0.1111111111111111,0.0,0.0,0.0,0.0,benign
0.0835658966481684,0.2222222222222222,0.0,0.0,0.0,0.1111111111111111,0.0,0.1111111111111111,0.0,0.0,benign
0.08477842953505185,0.2222222222222222,0.0,0.0,0.0,0.1111111111111111,0.0,0.2222222222222222,0.0,0.0,benign
0.013411642780060035,0.4444444444444444,0.6666666666666666,0.6666666666666666,0.0,0.4444444444444444,0.7777777777777778,0.2222222222222222,0.3333333333333333,0.0,benign
0.014358100980981447,1.0,0.4444444444444444,0.7777777777777778,1.0,0.2222222222222222,1.0,0.4444444444444444,0.0,1.0,malignant
0.014947602404215913,0.4444444444444444,1.0,1.0,0.5555555555555556,1.0,1.0,1.0,0.5555555555555556,1.0,malignant
0.015739105518589123,0.7777777777777778,0.7777777777777778,0.8888888888888888,0.3333333333333333,0.4444444444444444,1.0,0.6666666666666666,0.7777777777777778,0.0,malignant
0.017910418336167706,1.0,0.3333333333333333,0.3333333333333333,1.0,0.5555555555555556,1.0,0.4444444444444444,0.4444444444444444,0.0,malignant
0.01874792257502944,0.6666666666666666,0.8888888888888888,0.3333333333333333,1.0,1.0,0.2222222222222222,0.4444444444444444,0.2222222222222222,1.0,malignant
0.0835658966481684,0.4444444444444444,0.0,0.3333333333333333,0.0,0.1111111111111111,0.0,0.2222222222222222,0.1111111111111111,0.0,benign
0.08477842953505185,1.0,1.0,0.5555555555555556,0.2222222222222222,0.2222222222222222,1.0,0.3333333333333333,0.2222222222222222,1.0,malignant
0.019214430731977213,0.2222222222222222,0.2222222222222222,0.4444444444444444,0.1111111111111111,0.2222222222222222,1.0,0.6666666666666666,0.0,0.0,malignant
0.01949461939931642,1.0,0.7777777777777778,0.7777777777777778,0.1111111111111111,0.2222222222222222,0.3333333333333333,0.7777777777777778,0.6666666666666666,1.0,malignant
0.024025730161436318,0.0,0.0,0.0,0.0,0.1111111111111111,0.0,0.2222222222222222,0.0,0.0,benign
0.024454152971810795,0.7777777777777778,0.3333333333333333,0.6666666666666666,0.0,0.2222222222222222,1.0,0.2222222222222222,0.8888888888888888,1.0,malignant
0.02599347306772314,0.4444444444444444,0.0,0.0,0.0,0.1111111111111111,0.0,0.2222222222222222,0.0,0.0,benign
0.019214430731977213,0.2222222222222222,0.2222222222222222,0.4444444444444444,0.1111111111111111,0.2222222222222222,1.0,0.6666666666666666,0.0,0.0,malignant
0.027296589337730923,0.6666666666666666,0.1111111111111111,0.3333333333333333,0.0,0.2222222222222222,0.3333333333333333,0.2222222222222222,0.2222222222222222,0.0,malignant
0.027490152510903424,0.2222222222222222,0.0,0.0,0.0,0.1111111111111111,0.0,0.2222222222222222,0.1111111111111111,0.0,benign
0.027715901535787867,0.2222222222222222,0.0,0.0,0.0,0.1111111111111111,0.0,0.1111111111111111,0.0,0.0,benign
0.029041122242238187,0.0,0.0,0.0,0.0,0.1111111111111111,0.0,0.1111111111111111,0.0,0.0,benign
0.029341175031515624,0.0,0.0,0.0,0.0,0.1111111111111111,0.0,0.2222222222222222,0.0,0.0,benign
0.03088109254462912,1.0,0.4444444444444444,0.6666666666666666,0.2222222222222222,0.2222222222222222,0.6666666666666666,0.2222222222222222,0.2222222222222222,1.0,malignant
0.03158156421297714,0.2222222222222222,0.0,0.0,0.0,0.1111111111111111,0.0,0.2222222222222222,0.0,0.0,benign
0.031609866852881606,0.1111111111111111,0.0,0.0,0.1111111111111111,0.1111111111111111,0.0,0.2222222222222222,0.0,0.0,benign
0.03172270402674876,0.0,0.3333333333333333,0.2222222222222222,1.0,0.3333333333333333,1.0,0.4444444444444444,0.5555555555555556,0.0,malignant
0.03202850695658726,1.0,0.3333333333333333,0.5555555555555556,0.0,0.1111111111111111,1.0,0.4444444444444444,0.2222222222222222,0.0,malignant
0.03322080233578177,0.6666666666666666,0.3333333333333333,0.4444444444444444,1.0,0.1111111111111111,1.0,0.2222222222222222,0.7777777777777778,1.0,malignant
0.03464930154088085,0.7777777777777778,1.0,1.0,1.0,0.7777777777777778,1.0,1.0,0.6666666666666666,1.0,malignant
0.03479611681806339,1.0,1.0,1.0,1.0,1.0,1.0,0.3333333333333333,1.0,1.0,malignant
0.03524432907322595,0.2222222222222222,0.0,0.0,0.0,0.2222222222222222,0.0,0.1111111111111111,0.0,0.0,benign
0.03585869798745827,0.5555555555555556,0.0,0.2222222222222222,0.0,0.3333333333333333,0.4444444444444444,0.4444444444444444,1.0,0.0,malignant
0.03678611351509303,0.4444444444444444,0.5555555555555556,0.5555555555555556,0.7777777777777778,0.5555555555555556,1.0,0.3333333333333333,1.0,1.0,malignant
0.03713732015221891,0.0,0.0,0.0,0.0,0.1111111111111111,0.0,0.0,0.0,0.0,benign
0.03719683784088346,0.0,0.0,0.0,0.0,0.1111111111111111,0.0,0.2222222222222222,0.0,0.0,benign
0.04016809229080148,1.0,0.3333333333333333,0.3333333333333333,0.5555555555555556,0.1111111111111111,1.0,0.1111111111111111,0.2222222222222222,0.0,malignant
0.040575605499135727,0.4444444444444444,0.4444444444444444,0.6666666666666666,0.7777777777777778,0.5555555555555556,1.0,0.6666666666666666,0.3333333333333333,0.0,malignant
0.04128638261420358,0.4444444444444444,0.2222222222222222,0.3333333333333333,0.2222222222222222,0.3333333333333333,0.4444444444444444,0.3333333333333333,0.6666666666666666,0.0,benign
0.041955564556641387,0.7777777777777778,0.1111111111111111,0.0,0.0,0.4444444444444444,0.0,0.0,0.0,0.0,benign
0.0,0.8888888888888888,0.0,0.1111111111111111,0.5555555555555556,0.3333333333333333,1.0,0.6666666666666666,0.6666666666666666,1.0,malignant
0.042750353465620915,0.7777777777777778,0.3333333333333333,1.0,0.4444444444444444,0.3333333333333333,0.3333333333333333,0.6666666666666666,1.0,0.0,malignant
0.042771711130562017,0.0,0.0,0.0,0.0,0.1111111111111111,0.0,0.2222222222222222,0.0,0.0,benign
0.04311627150132511,1.0,1.0,1.0,0.6666666666666666,0.8888888888888888,1.0,0.6666666666666666,1.0,1.0,malignant
0.04357628274621038,0.0,0.0,0.0,0.0,0.1111111111111111,0.0,0.2222222222222222,0.0,0.0,benign
0.04408953879914811,0.7777777777777778,0.2222222222222222,0.3333333333333333,0.8888888888888888,0.2222222222222222,1.0,0.2222222222222222,0.2222222222222222,0.0,malignant
0.04452752028474099,1.0,0.7777777777777778,0.3333333333333333,0.3333333333333333,0.3333333333333333,1.0,0.2222222222222222,1.0,1.0,malignant
0.04500903854886765,0.0,0.0,0.0,0.0,0.1111111111111111,0.0,0.2222222222222222,0.0,0.0,benign
0.04507266348079009,0.0,0.0,0.0,0.0,0.1111111111111111,0.0,0.2222222222222222,0.0,0.0,benign
0.04509222889412774,0.6666666666666666,0.7777777777777778,0.6666666666666666,0.5555555555555556,0.3333333333333333,0.2222222222222222,0.7777777777777778,0.7777777777777778,1.0,malignant
0.045572627001002244,0.2222222222222222,0.0,0.0,0.0,0.1111111111111111,0.4444444444444444,0.4444444444444444,0.0,0.0,benign
0.04641782298632878,0.1111111111111111,0.0,0.0,0.0,0.2222222222222222,0.0,0.1111111111111111,0.0,0.0,benign
0.04664767925447113,0.0,0.0,0.0,0.0,0.1111111111111111,0.0,0.0,0.0,0.0,benign
0.04691614360923777,0.7777777777777778,0.5555555555555556,0.3333333333333333,1.0,1.0,0.0,0.2222222222222222,0.4444444444444444,0.0,malignant
0.04707102401863583,0.0,0.0,0.0,0.0,0.1111111111111111,0.0,0.0,0.0,0.0,benign
0.047847292994379724,0.0,0.0,0.0,0.0,0.0,0.0,0.1111111111111111,0.0,0.0,benign
0.04802121607706443,0.4444444444444444,0.4444444444444444,0.4444444444444444,0.1111111111111111,0.4444444444444444,1.0,0.3333333333333333,0.2222222222222222,0.0,malignant
0.04823486740362559,0.5555555555555556,0.7777777777777778,0.6666666666666666,0.7777777777777778,0.5555555555555556,0.7777777777777778,0.7777777777777778,0.8888888888888888,0.0,malignant
0.048933397466069874,0.0,0.0,0.0,0.0,0.4444444444444444,0.0,0.2222222222222222,0.0,0.0,benign
0.049145555249628166,0.3333333333333333,0.3333333333333333,0.3333333333333333,0.3333333333333333,0.5555555555555556,0.4444444444444444,0.6666666666666666,0.2222222222222222,0.0,benign
0.049847445783828916,0.6666666666666666,0.5555555555555556,0.2222222222222222,0.1111111111111111,0.4444444444444444,1.0,0.6666666666666666,0.3333333333333333,1.0,malignant
0.050053405363925274,0.2222222222222222,0.0,0.0,0.0,0.1111111111111111,0.0,0.2222222222222222,0.0,0.0,benign
0.050067145959551716,0.4444444444444444,0.3333333333333333,0.5555555555555556,1.0,0.1111111111111111,1.0,0.3333333333333333,0.0,0.0,malignant
0.05056516787386014,0.0,0.0,0.0,0.0,0.1111111111111111,0.0,0.2222222222222222,0.0,0.0,benign
0.05077844581467058,0.2222222222222222,0.1111111111111111,0.1111111111111111,0.0,0.1111111111111111,0.0,0.1111111111111111,0.2222222222222222,0.0,benign
0.0514920606614439,1.0,0.0,0.0,0.0,0.1111111111111111,1.0,0.4444444444444444,0.3333333333333333,0.0,malignant
0.05173341721070838,0.0,0.0,0.0,0.0,0.1111111111111111,0.0,0.1111111111111111,0.0,0.0,benign
0.05202204439601382,0.7777777777777778,1.0,0.2222222222222222,0.1111111111111111,0.5555555555555556,0.3333333333333333,0.2222222222222222,1.0,0.0,malignant
0.052039817557748023,1.0,0.3333333333333333,0.5555555555555556,0.3333333333333333,0.4444444444444444,1.0,0.6666666666666666,0.0,0.0,malignant
0.0009718484319702737,1.0,0.3333333333333333,0.6666666666666666,0.1111111111111111,0.1111111111111111,0.7777777777777778,0.5555555555555556,0.0,0.0,malignant
0.052393413863678504,0.4444444444444444,0.0,0.0,0.0,0.1111111111111111,0.0,0.2222222222222222,0.0,1.0,benign
0.05277366991221029,0.4444444444444444,0.1111111111111111,0.1111111111111111,0.1111111111111111,0.1111111111111111,0.0,0.1111111111111111,0.1111111111111111,0.0,benign
0.053904431319686384,0.4444444444444444,0.3333333333333333,0.5555555555555556,0.5555555555555556,0.3333333333333333,1.0,0.3333333333333333,0.2222222222222222,0.0,malignant
0.05393482491979487,0.7777777777777778,0.5555555555555556,0.6666666666666666,0.2222222222222222,0.2222222222222222,1.0,0.2222222222222222,0.3333333333333333,1.0,malignant
0.0544671983231694,0.0,0.0,0.0,0.0,0.1111111111111111,0.0,0.0,0.0,0.0,benign
0.054809443702278034,0.5555555555555556,0.4444444444444444,0.4444444444444444,0.7777777777777778,0.3333333333333333,1.0,0.2222222222222222,0.3333333333333333,0.0,malignant
0.054891737921736405,0.0,0.0,0.0,0.0,0.1111111111111111,0.0,0.2222222222222222,0.0,0.0,benign
0.047847292994379724,0.0,0.0,0.0,0.0,0.0,0.0,0.1111111111111111,0.0,0.0,benign
0.055488707059985244,0.7777777777777778,0.4444444444444444,0.4444444444444444,0.4444444444444444,0.1111111111111111,1.0,0.3333333333333333,0.2222222222222222,0.0,malignant
0.05574925563683666,1.0,0.2222222222222222,0.2222222222222222,0.0,0.1111111111111111,1.0,0.6666666666666666,0.5555555555555556,0.0,malignant
0.055763593649664246,0.0,0.0,0.0,0.0,0.1111111111111111,0.0,0.2222222222222222,0.0,0.0,benign
0.056074325271412234,0.1111111111111111,0.0,0.0,0.0,0.1111111111111111,0.0,0.0,0.0,0.0,benign
0.056122566710405074,0.0,0.0,0.0,0.0,0.1111111111111111,0.0,0.0,0.0,0.0,benign
0.05671386038524299,0.6666666666666666,0.5555555555555556,0.3333333333333333,0.7777777777777778,1.0,1.0,0.8888888888888888,0.4444444444444444,1.0,malignant
0.05701958863793135,0.0,0.0,0.0,0.0,0.1111111111111111,0.0,0.0,0.0,0.0,benign
0.05730089746252271,0.4444444444444444,0.1111111111111111,0.1111111111111111,0.1111111111111111,0.2222222222222222,0.0,0.0,0.2222222222222222,0.0,benign
0.05734406085530578,0.0,0.0,0.0,0.0,0.0,0.0,0.0,0.2222222222222222,0.0,benign
0.057415601565143456,0.2222222222222222,0.3333333333333333,0.3333333333333333,1.0,0.4444444444444444,0.0,0.2222222222222222,0.2222222222222222,0.0,malignant
0.05744106647334246,0.3333333333333333,0.1111111111111111,0.2222222222222222,0.4444444444444444,0.2222222222222222,0.7777777777777778,0.6666666666666666,0.5555555555555556,0.0,malignant
0.05772976833579805,0.4444444444444444,0.0,0.0,0.2222222222222222,0.1111111111111111,0.0,0.0,0.0,0.0,benign
0.05777823380624132,0.1111111111111111,0.0,0.0,0.0,0.1111111111111111,0.0,0.2222222222222222,0.0,0.0,benign
0.05850633602014252,0.2222222222222222,0.3333333333333333,0.4444444444444444,0.2222222222222222,0.6666666666666666,0.2222222222222222,0.3333333333333333,0.5555555555555556,0.0,benign
0.05880496994356722,0.1111111111111111,0.6666666666666666,1.0,1.0,0.6666666666666666,1.0,0.3333333333333333,0.8888888888888888,1.0,malignant
0.05915542980919167,0.0,0.0,0.0,0.0,0.1111111111111111,0.0,0.1111111111111111,0.0,0.0,benign
0.05932345339701502,0.3333333333333333,0.0,0.0,0.0,0.2222222222222222,0.0,0.1111111111111111,0.1111111111111111,0.0,benign
0.05942725463571478,0.4444444444444444,0.2222222222222222,0.2222222222222222,0.0,0.2222222222222222,0.2222222222222222,0.2222222222222222,0.2222222222222222,1.0,malignant
0.05944114458564151,0.7777777777777778,1.0,1.0,0.6666666666666666,1.0,1.0,0.6666666666666666,0.2222222222222222,1.0,malignant
0.0599620177078939,0.7777777777777778,1.0,0.4444444444444444,0.2222222222222222,0.7777777777777778,0.3333333333333333,0.3333333333333333,1.0,1.0,malignant
0.060501485440532084,1.0,0.2222222222222222,0.4444444444444444,0.3333333333333333,0.2222222222222222,0.6666666666666666,0.2222222222222222,0.4444444444444444,1.0,malignant
0.060780927336369854,0.5555555555555556,1.0,1.0,1.0,1.0,1.0,0.7777777777777778,1.0,1.0,malignant
0.06082961683826356,0.2222222222222222,1.0,0.2222222222222222,1.0,0.5555555555555556,1.0,0.4444444444444444,0.0,1.0,malignant
0.06159326537563316,0.2222222222222222,0.1111111111111111,0.1111111111111111,0.0,0.3333333333333333,0.2222222222222222,0.1111111111111111,0.0,0.0,benign
0.06161970108678403,0.3333333333333333,0.3333333333333333,0.3333333333333333,0.1111111111111111,0.1111111111111111,0.2222222222222222,0.1111111111111111,0.0,0.0,benign
0.06220823170706663,0.1111111111111111,0.0,0.0,0.0,0.1111111111111111,0.0,0.2222222222222222,0.0,0.0,benign
0.062265583758377,0.1111111111111111,0.0,0.0,0.0,0.1111111111111111,0.0,0.1111111111111111,0.0,0.0,benign
0.002415357744248235,0.5555555555555556,1.0,1.0,1.0,0.7777777777777778,1.0,0.6666666666666666,1.0,1.0,malignant
0.007237784069078754,0.4444444444444444,0.7777777777777778,0.7777777777777778,1.0,0.4444444444444444,1.0,0.7777777777777778,1.0,1.0,malignant
0.02082521686057709,0.0,0.0,0.2222222222222222,0.0,0.1111111111111111,0.0,0.0,0.0,0.0,benign
0.027273812806937088,0.0,0.0,0.2222222222222222,0.0,0.0,0.0,0.1111111111111111,0.0,0.0,benign
0.03205038736157937,0.3333333333333333,0.2222222222222222,0.1111111111111111,0.0,0.2222222222222222,0.0,0.1111111111111111,0.0,0.0,benign
0.03211692470235741,0.0,0.0,0.2222222222222222,0.0,0.1111111111111111,0.0,0.0,0.0,0.0,benign
0.03211692470235741,0.3333333333333333,0.0,0.1111111111111111,0.0,0.1111111111111111,0.0,0.1111111111111111,0.0,0.0,benign
0.03420706345772978,0.4444444444444444,0.0,0.0,0.1111111111111111,0.1111111111111111,0.0,0.1111111111111111,0.0,0.0,benign
0.03713732015221891,0.2222222222222222,0.0,0.1111111111111111,0.0,0.1111111111111111,0.0,0.1111111111111111,0.0,0.0,benign
0.04279463701565614,0.0,0.0,0.0,0.0,0.1111111111111111,0.0,0.0,0.0,0.0,benign
0.04311388183252051,0.0,0.0,0.0,0.0,0.1111111111111111,0.0,0.1111111111111111,0.0,0.0,benign
0.044124413028265225,0.0,0.0,0.0,0.0,0.0,0.0,0.1111111111111111,0.0,0.0,benign
0.044386455148119515,0.2222222222222222,0.0,0.0,0.3333333333333333,0.2222222222222222,0.0,0.1111111111111111,0.1111111111111111,0.0,benign
0.04649414303377565,0.4444444444444444,0.2222222222222222,0.3333333333333333,0.0,0.3333333333333333,0.0,0.2222222222222222,0.0,0.0,benign
0.05541589683859512,0.0,0.0,0.0,0.0,0.1111111111111111,0.0,0.0,0.0,0.0,benign
0.05847579306573374,1.0,0.5555555555555556,0.2222222222222222,0.5555555555555556,0.3333333333333333,1.0,0.6666666666666666,0.7777777777777778,1.0,malignant
0.07013147733731452,0.2222222222222222,0.1111111111111111,0.1111111111111111,0.1111111111111111,0.1111111111111111,0.0,0.2222222222222222,0.1111111111111111,0.0,benign
0.07160657508410327,0.1111111111111111,0.0,0.0,0.0,0.1111111111111111,0.0,0.0,0.0,0.0,benign
0.07189520226940872,0.1111111111111111,0.0,0.0,0.0,0.1111111111111111,0.0,0.0,0.0,0.0,benign
0.07525283629417032,0.2222222222222222,0.2222222222222222,0.1111111111111111,0.1111111111111111,0.2222222222222222,0.0,0.0,0.1111111111111111,1.0,benign
0.07593605754083514,0.6666666666666666,0.5555555555555556,0.5555555555555556,0.2222222222222222,0.1111111111111111,1.0,0.6666666666666666,0.0,0.0,malignant
0.0785002468453198,0.4444444444444444,0.2222222222222222,0.2222222222222222,0.1111111111111111,0.2222222222222222,0.0,0.2222222222222222,0.0,0.0,benign
0.0785002468453198,0.1111111111111111,0.0,0.0,0.0,0.1111111111111111,0.0,0.1111111111111111,0.1111111111111111,0.0,benign
0.07866042933237806,0.4444444444444444,0.0,0.0,0.0,0.2222222222222222,0.1111111111111111,0.1111111111111111,0.1111111111111111,0.0,benign
0.07975788473089006,0.0,0.0,0.0,0.1111111111111111,0.1111111111111111,0.0,0.1111111111111111,0.0,0.0,benign
0.08127554845326072,1.0,0.7777777777777778,0.6666666666666666,0.3333333333333333,0.2222222222222222,1.0,0.6666666666666666,0.8888888888888888,0.0,malignant
0.08159539068732626,0.2222222222222222,0.0,0.0,0.0,0.1111111111111111,0.0,0.1111111111111111,0.0,0.0,benign
0.08176192073214673,0.0,0.0,0.0,0.0,0.0,0.0,0.0,0.0,0.0,benign
0.08177371972186943,0.0,0.1111111111111111,0.2222222222222222,0.0,0.1111111111111111,0.0,0.1111111111111111,0.0,0.0,benign
0.08251100722523831,0.2222222222222222,0.0,0.0,0.0,0.1111111111111111,0.0,0.1111111111111111,0.0,0.0,benign
0.08310162880572493,0.2222222222222222,0.0,0.0,0.0,0.1111111111111111,0.0,0.2222222222222222,0.0,0.0,benign
0.0846008472720101,0.3333333333333333,0.0,0.0,0.0,0.1111111111111111,0.0,0.0,0.0,0.0,benign
0.08461667882784056,0.2222222222222222,0.1111111111111111,0.0,0.0,0.1111111111111111,0.0,0.1111111111111111,0.1111111111111111,0.0,benign
0.08535142730810455,0.0,0.1111111111111111,0.2222222222222222,0.0,0.1111111111111111,0.0,0.0,0.0,0.0,benign
0.08572115387846607,0.2222222222222222,1.0,0.7777777777777778,0.6666666666666666,0.5555555555555556,0.8888888888888888,0.8888888888888888,0.2222222222222222,1.0,malignant
0.08590926561967809,0.2222222222222222,0.0,0.0,0.0,0.1111111111111111,0.0,0.0,0.0,0.0,benign
0.08659771426685298,0.4444444444444444,0.2222222222222222,0.2222222222222222,0.0,0.1111111111111111,0.0,0.1111111111111111,0.0,0.0,benign
0.08662034144334652,0.2222222222222222,0.0,0.0,0.0,0.1111111111111111,0.3333333333333333,0.0,0.0,0.0,benign
0.08663803992793058,0.0,0.1111111111111111,0.0,0.2222222222222222,0.1111111111111111,0.0,0.0,0.1111111111111111,0.0,benign
0.08711492820874832,0.0,0.0,0.0,0.0,0.1111111111111111,0.0,0.1111111111111111,0.0,0.0,benign
0.08725860704562483,0.3333333333333333,0.1111111111111111,0.1111111111111111,0.0,0.1111111111111111,0.0,0.1111111111111111,0.0,0.0,benign
0.087460310028163,0.0,0.0,0.0,0.0,0.1111111111111111,0.0,0.1111111111111111,0.0,0.0,benign
0.08763079796194109,0.1111111111111111,0.2222222222222222,0.1111111111111111,0.1111111111111111,0.1111111111111111,0.1111111111111111,0.2222222222222222,0.0,0.0,benign
0.08769330273661137,0.2222222222222222,0.0,0.1111111111111111,0.0,0.1111111111111111,0.0,0.1111111111111111,0.0,0.0,benign
0.08771921570771124,0.0,0.0,0.0,0.0,0.1111111111111111,0.0,0.1111111111111111,0.0,0.0,benign
0.0877649181235992,1.0,1.0,1.0,0.5555555555555556,0.7777777777777778,0.3333333333333333,0.7777777777777778,0.4444444444444444,0.0,malignant
0.08778597707993972,0.4444444444444444,0.0,0.1111111111111111,0.0,0.1111111111111111,0.0,0.2222222222222222,0.0,0.0,benign
0.08778844142589447,0.7777777777777778,0.4444444444444444,0.5555555555555556,0.1111111111111111,0.2222222222222222,1.0,0.5555555555555556,0.5555555555555556,0.0,malignant
0.08780964973653528,0.2222222222222222,0.2222222222222222,0.1111111111111111,0.5555555555555556,0.2222222222222222,0.2222222222222222,0.2222222222222222,0.4444444444444444,0.0,benign
0.08781823760880181,0.7777777777777778,0.6666666666666666,0.7777777777777778,0.4444444444444444,1.0,1.0,0.6666666666666666,0.1111111111111111,0.0,malignant
0.0878645374418909,0.0,0.0,0.0,0.0,0.1111111111111111,0.0,0.1111111111111111,0.0,0.0,benign
0.08789216798744408,0.4444444444444444,0.1111111111111111,0.1111111111111111,0.1111111111111111,0.1111111111111111,0.1111111111111111,0.2222222222222222,0.1111111111111111,1.0,benign
0.08887551670053649,0.1111111111111111,0.2222222222222222,0.0,0.0,0.4444444444444444,0.0,0.0,0.0,0.0,benign
0.08901583506565652,0.2222222222222222,0.1111111111111111,0.1111111111111111,0.2222222222222222,0.1111111111111111,0.2222222222222222,0.2222222222222222,0.0,0.0,benign
0.08915144877031751,1.0,1.0,1.0,0.6666666666666666,1.0,1.0,0.7777777777777778,0.1111111111111111,0.0,malignant
0.08918490413358189,0.3333333333333333,0.2222222222222222,0.2222222222222222,0.0,0.1111111111111111,0.0,0.2222222222222222,0.2222222222222222,0.0,benign
0.08919737521765589,0.4444444444444444,0.0,0.2222222222222222,0.0,0.1111111111111111,0.0,0.1111111111111111,0.0,0.0,benign
0.08920656050712357,0.2222222222222222,0.0,0.0,0.0,0.1111111111111111,0.0,0.0,0.0,0.0,benign
0.08925218824586137,0.8888888888888888,1.0,1.0,1.0,1.0,1.0,1.0,1.0,0.0,malignant
0.08925271098591238,0.4444444444444444,0.2222222222222222,0.5555555555555556,0.0,0.1111111111111111,0.0,0.0,0.0,0.0,benign
0.0898201079727043,0.7777777777777778,0.6666666666666666,0.7777777777777778,0.1111111111111111,0.3333333333333333,0.1111111111111111,0.4444444444444444,1.0,0.0,malignant
0.09025958300130005,0.0,0.0,0.0,0.0,0.1111111111111111,0.0,0.1111111111111111,0.0,0.0,benign
0.09056217481368238,0.1111111111111111,0.0,0.0,0.0,0.1111111111111111,0.0,0.1111111111111111,0.0,0.0,benign
0.09056217481368238,0.0,0.2222222222222222,0.0,0.0,0.1111111111111111,0.0,0.1111111111111111,0.1111111111111111,0.0,benign
0.09056217481368238,0.4444444444444444,0.0,0.0,0.2222222222222222,0.3333333333333333,0.0,0.2222222222222222,0.1111111111111111,0.0,benign
0.09067702827060341,0.4444444444444444,0.0,0.0,0.0,0.1111111111111111,0.0,0.1111111111111111,0.1111111111111111,0.0,benign
0.0918576740143755,0.2222222222222222,0.1111111111111111,0.1111111111111111,0.2222222222222222,0.1111111111111111,0.0,0.0,0.0,0.0,benign
0.0918576740143755,0.5555555555555556,0.8888888888888888,0.6666666666666666,0.4444444444444444,0.4444444444444444,0.7777777777777778,0.3333333333333333,0.1111111111111111,0.0,benign
0.0919415364539869,1.0,0.7777777777777778,1.0,0.0,0.2222222222222222,1.0,0.4444444444444444,0.0,0.0,malignant
0.09198813499567657,1.0,1.0,1.0,0.0,0.5555555555555556,0.0,0.1111111111111111,0.7777777777777778,0.0,malignant
0.03464735993497711,0.3333333333333333,0.0,0.0,0.0,0.1111111111111111,0.0,0.0,0.0,0.0,benign
0.03697736169661108,0.3333333333333333,0.0,0.2222222222222222,0.2222222222222222,0.1111111111111111,0.0,0.0,0.0,0.0,benign
0.03757261326040662,0.4444444444444444,0.0,0.0,0.0,0.1111111111111111,0.0,0.0,0.0,0.0,benign
0.04068276720959195,1.0,0.3333333333333333,0.2222222222222222,1.0,0.3333333333333333,1.0,1.0,0.0,0.0,malignant
0.04589172246356633,0.4444444444444444,0.1111111111111111,0.1111111111111111,0.3333333333333333,0.1111111111111111,0.3333333333333333,0.0,0.0,0.0,benign
0.050088652978793106,0.0,0.0,0.0,0.2222222222222222,0.1111111111111111,0.2222222222222222,0.0,0.0,0.0,benign
0.050088652978793106,0.0,0.0,0.0,0.0,0.1111111111111111,0.1111111111111111,0.0,0.0,0.0,benign
0.05355695854006769,0.4444444444444444,0.0,0.0,0.5555555555555556,0.2222222222222222,0.0,0.1111111111111111,0.0,0.0,benign
0.05707216135163252,0.1111111111111111,0.0,0.0,0.0,0.1111111111111111,0.0,0.0,0.0,0.0,benign
0.07366617088506686,0.0,0.0,0.0,0.0,0.1111111111111111,0.0,0.0,0.0,0.0,benign
0.074339161362162,0.4444444444444444,0.0,0.0,0.0,0.1111111111111111,0.0,0.0,0.0,0.0,benign
0.0835658966481684,0.0,0.0,0.0,0.0,0.0,0.0,0.0,0.0,0.0,benign
0.08439780010076935,0.4444444444444444,0.6666666666666666,0.8888888888888888,0.7777777777777778,0.5555555555555556,1.0,0.7777777777777778,1.0,0.0,malignant
0.0850195620528659,0.3333333333333333,0.0,0.0,0.2222222222222222,0.0,0.0,0.1111111111111111,0.0,0.0,benign
0.08504816340137093,0.4444444444444444,0.0,0.0,0.0,0.1111111111111111,0.0,0.0,0.0,0.0,benign
0.08690224768513903,0.2222222222222222,0.0,0.0,0.2222222222222222,0.1111111111111111,0.0,0.0,0.0,0.0,benign
0.08719445937365138,0.3333333333333333,0.4444444444444444,0.4444444444444444,0.7777777777777778,0.5555555555555556,1.0,1.0,0.6666666666666666,0.0,malignant
0.08774826511911715,0.1111111111111111,0.2222222222222222,0.0,0.0,0.2222222222222222,0.0,0.0,0.0,0.0,benign
0.0883570332470887,1.0,0.1111111111111111,0.1111111111111111,0.0,0.1111111111111111,0.5555555555555556,0.0,0.0,1.0,malignant
0.08917161160085631,1.0,0.5555555555555556,0.4444444444444444,0.7777777777777778,0.4444444444444444,1.0,0.7777777777777778,0.5555555555555556,0.0,malignant
0.08928646505777733,0.7777777777777778,0.7777777777777778,0.8888888888888888,0.5555555555555556,0.5555555555555556,0.2222222222222222,1.0,1.0,0.0,malignant
0.08981786765819999,0.4444444444444444,0.0,0.1111111111111111,0.0,0.1111111111111111,0.0,0.0,0.0,0.0,benign
0.08995034492255494,0.4444444444444444,0.0,0.2222222222222222,0.0,0.1111111111111111,0.0,0.0,0.0,0.0,benign
0.08998133593986458,0.4444444444444444,0.0,0.0,0.2222222222222222,0.1111111111111111,0.0,0.0,0.0,0.0,benign
0.09001800242058515,0.2222222222222222,0.0,0.0,0.0,0.1111111111111111,0.4444444444444444,0.0,0.0,0.0,benign
0.09056217481368238,0.5555555555555556,0.0,0.0,0.2222222222222222,0.1111111111111111,0.0,0.0,0.0,0.0,benign
0.09087335449833123,0.3333333333333333,0.0,0.0,0.0,0.1111111111111111,0.0,0.0,0.1111111111111111,0.0,benign
0.09189702887250124,0.3333333333333333,0.0,0.0,0.0,0.1111111111111111,0.0,0.0,0.0,0.0,benign
0.09209163752577575,1.0,0.8888888888888888,0.7777777777777778,0.6666666666666666,0.5555555555555556,0.3333333333333333,0.6666666666666666,1.0,1.0,malignant
0.09222934219064076,1.0,0.5555555555555556,0.5555555555555556,0.1111111111111111,0.3333333333333333,1.0,0.8888888888888888,0.6666666666666666,0.0,malignant
0.09231746122781034,0.5555555555555556,0.5555555555555556,0.5555555555555556,0.4444444444444444,0.3333333333333333,1.0,0.6666666666666666,0.5555555555555556,1.0,malignant
0.07782471734511978,0.3333333333333333,0.0,0.0,0.0,0.1111111111111111,0.0,0.0,0.0,0.0,benign
0.08351220377721506,0.0,0.0,0.1111111111111111,0.0,0.1111111111111111,0.0,0.1111111111111111,0.0,0.0,benign
0.08574572266086336,0.2222222222222222,0.0,0.0,0.0,0.0,0.0,0.1111111111111111,0.0,0.0,benign
0.08777567163321989,0.5555555555555556,0.0,0.0,0.2222222222222222,0.1111111111111111,0.0,0.0,0.0,0.0,benign
0.08918191704757614,0.5555555555555556,0.0,0.0,0.0,0.0,0.0,0.0,0.0,0.0,benign
0.09007550382619581,0.3333333333333333,0.0,0.0,0.0,0.1111111111111111,0.0,0.0,0.0,0.0,benign
0.09064088452993385,0.4444444444444444,0.0,0.0,0.0,0.1111111111111111,0.0,0.0,0.0,0.0,benign
0.09139788680094066,0.2222222222222222,0.0,0.0,0.0,0.1111111111111111,0.0,0.0,0.0,0.0,benign
0.09205078912464715,0.3333333333333333,0.0,0.1111111111111111,0.0,0.1111111111111111,0.0,0.0,0.0,0.0,benign
0.09206856228638134,0.3333333333333333,0.0,0.0,0.0,0.1111111111111111,0.0,0.0,0.0,0.0,benign
0.09209320574592877,0.4444444444444444,0.1111111111111111,0.0,0.0,0.1111111111111111,0.0,0.0,0.0,0.0,benign
0.09228497666749783,0.3333333333333333,0.7777777777777778,0.6666666666666666,1.0,0.3333333333333333,1.0,0.6666666666666666,0.4444444444444444,0.0,malignant
0.09249287785349791,0.4444444444444444,0.0,0.0,0.0,0.0,0.0,0.0,0.0,0.0,benign
0.09252894691701734,0.4444444444444444,0.2222222222222222,0.1111111111111111,0.3333333333333333,0.1111111111111111,0.0,0.0,0.0,0.0,benign
0.09370443993742951,0.8888888888888888,1.0,1.0,1.0,1.0,0.4444444444444444,1.0,1.0,1.0,malignant
0.030676402476085204,0.7777777777777778,0.6666666666666666,0.7777777777777778,0.4444444444444444,0.4444444444444444,1.0,0.8888888888888888,1.0,0.0,malignant
0.05407193216745873,0.4444444444444444,0.0,0.1111111111111111,0.0,0.1111111111111111,0.0,0.0,0.0,0.0,benign
0.07009570698239569,0.0,0.0,0.0,0.2222222222222222,0.0,0.2222222222222222,0.0,0.0,0.0,benign
0.07521086773578955,0.2222222222222222,0.0,0.0,0.0,0.0,0.0,0.1111111111111111,0.0,0.0,benign
0.07546760777798364,1.0,1.0,1.0,1.0,0.5555555555555556,1.0,0.7777777777777778,0.0,1.0,malignant
0.0756462355211274,0.2222222222222222,0.5555555555555556,0.3333333333333333,1.0,0.2222222222222222,0.2222222222222222,0.2222222222222222,0.3333333333333333,0.0,malignant
0.07622774648929649,0.5555555555555556,0.2222222222222222,0.1111111111111111,0.0,0.2222222222222222,0.3333333333333333,0.3333333333333333,0.0,0.0,malignant
0.0785542384248737,0.0,0.0,0.0,0.0,0.1111111111111111,0.0,0.0,0.0,0.0,benign
0.07884518060183361,0.4444444444444444,0.7777777777777778,0.8888888888888888,0.3333333333333333,0.2222222222222222,1.0,0.6666666666666666,0.0,0.0,malignant
0.07995055177826084,0.3333333333333333,0.0,0.0,0.0,0.0,0.0,0.1111111111111111,0.0,0.0,benign
0.08060136314176329,0.4444444444444444,1.0,1.0,1.0,0.5555555555555556,1.0,0.5555555555555556,0.4444444444444444,1.0,malignant
0.08159165682981906,0.4444444444444444,0.0,0.1111111111111111,1.0,0.3333333333333333,0.4444444444444444,0.1111111111111111,0.0,0.0,benign
0.08271017118467158,0.2222222222222222,0.0,0.0,0.0,0.0,0.0,0.1111111111111111,0.0,0.0,benign
0.0835033918734981,0.0,0.0,0.0,0.0,0.0,0.0,0.0,0.0,0.0,benign
0.0835658966481684,0.3333333333333333,0.1111111111111111,0.0,0.0,0.1111111111111111,0.0,0.0,0.0,0.0,benign
0.0852202942324522,0.3333333333333333,0.0,0.0,0.0,0.1111111111111111,0.0,0.1111111111111111,0.0,0.0,benign
0.08622051998147708,0.3333333333333333,0.0,0.0,0.0,0.1111111111111111,0.0,0.1111111111111111,0.0,0.0,benign
0.08671435997537745,0.5555555555555556,0.0,0.0,0.0,0.1111111111111111,0.0,0.2222222222222222,0.0,0.0,benign
0.08773153743748496,0.3333333333333333,0.0,0.0,0.0,0.1111111111111111,0.0,0.1111111111111111,0.0,0.0,benign
0.08890628368639569,0.3333333333333333,0.0,0.0,0.1111111111111111,0.1111111111111111,0.0,0.1111111111111111,0.0,0.0,benign
0.08980106529941766,0.3333333333333333,0.0,0.0,0.0,0.1111111111111111,0.0,0.2222222222222222,0.0,0.0,benign
0.09001516468887968,0.0,0.0,0.0,0.0,0.1111111111111111,0.0,0.0,0.0,0.0,benign
0.09065006981940153,0.2222222222222222,0.2222222222222222,0.0,0.0,0.1111111111111111,0.0,0.0,0.0,0.0,benign
0.09137257124704194,0.7777777777777778,1.0,1.0,1.0,0.6666666666666666,0.4444444444444444,0.3333333333333333,0.7777777777777778,1.0,malignant
0.09201218103802285,0.0,0.0,0.0,0.0,0.1111111111111111,0.3333333333333333,0.0,0.0,0.0,benign
0.09214801877413425,0.4444444444444444,0.0,0.0,0.0,0.1111111111111111,0.0,0.0,0.0,0.0,benign
0.09216258081841228,0.1111111111111111,0.0,0.0,0.0,0.1111111111111111,0.0,0.0,0.0,0.0,benign
0.09222516027023271,0.0,0.0,0.0,0.0,0.1111111111111111,0.0,0.0,0.0,0.0,benign
0.09234195533305747,0.4444444444444444,0.0,0.0,0.0,0.1111111111111111,0.0,0.1111111111111111,0.0,0.0,benign
0.09234718273356754,0.4444444444444444,0.0,0.0,0.0,0.1111111111111111,0.0,0.0,0.0,0.0,benign
0.09269077230137876,0.2222222222222222,0.0,0.0,0.0,0.0,0.0,0.1111111111111111,0.0,0.0,benign
0.0928167526536712,0.5555555555555556,0.5555555555555556,0.6666666666666666,1.0,0.2222222222222222,1.0,0.7777777777777778,1.0,1.0,malignant
0.09334270382213336,0.3333333333333333,1.0,0.3333333333333333,0.6666666666666666,0.2222222222222222,1.0,0.8888888888888888,1.0,0.0,malignant
0.09384692393990371,0.0,0.0,0.0,0.0,0.0,0.0,0.0,0.0,0.0,benign
0.09384692393990371,0.0,0.0,0.0,0.0,0.0,0.0,0.1111111111111111,0.0,0.0,benign
0.09386387565298633,0.2222222222222222,0.0,0.1111111111111111,0.1111111111111111,0.1111111111111111,0.0,0.0,0.0,0.0,benign
0.09462072856969286,0.3333333333333333,0.6666666666666666,0.7777777777777778,0.2222222222222222,0.3333333333333333,1.0,0.8888888888888888,0.0,0.0,malignant
0.02014177158246183,0.0,0.0,0.0,0.0,0.2222222222222222,0.0,0.0,0.0,0.0,benign
0.02286539660250331,0.3333333333333333,0.0,0.0,0.0,0.2222222222222222,0.0,0.0,0.0,0.0,benign
0.026056724613894865,1.0,0.3333333333333333,0.4444444444444444,0.3333333333333333,0.2222222222222222,0.4444444444444444,0.6666666666666666,0.2222222222222222,0.0,malignant
0.04545881902418322,0.6666666666666666,0.4444444444444444,0.5555555555555556,1.0,0.3333333333333333,1.0,0.4444444444444444,0.2222222222222222,0.0,malignant
0.05124928524632669,0.2222222222222222,0.0,0.0,0.0,0.1111111111111111,0.0,0.1111111111111111,0.0,0.0,benign
0.052739766486045045,0.2222222222222222,0.0,0.0,0.1111111111111111,0.1111111111111111,0.0,0.0,0.0,0.0,benign
0.052739766486045045,0.3333333333333333,0.0,0.0,0.0,0.1111111111111111,0.0,0.0,0.0,0.0,benign
0.054891737921736405,0.3333333333333333,0.0,0.0,0.0,0.1111111111111111,0.0,0.2222222222222222,0.0,0.0,benign
0.05558085866326258,0.5555555555555556,0.0,0.2222222222222222,0.1111111111111111,0.1111111111111111,0.0,0.0,0.0,0.0,benign
0.6101368854565279,0.3333333333333333,0.0,0.0,0.0,0.0,0.0,0.1111111111111111,0.0,0.0,benign
0.05780795531199852,0.6666666666666666,0.3333333333333333,0.3333333333333333,0.2222222222222222,0.3333333333333333,1.0,0.5555555555555556,0.8888888888888888,0.0,malignant
0.06004169822709725,0.3333333333333333,0.1111111111111111,0.1111111111111111,0.0,0.1111111111111111,0.0,0.1111111111111111,0.0,0.0,benign
0.06022361176484733,0.0,0.0,0.0,0.0,0.0,0.0,0.2222222222222222,0.0,0.0,benign
0.07316068125574407,0.2222222222222222,0.0,0.0,0.0,0.1111111111111111,0.0,0.1111111111111111,0.0,0.0,benign
0.07413917595407714,0.1111111111111111,0.0,0.0,0.0,0.1111111111111111,0.0,0.1111111111111111,0.0,0.0,benign
0.0745737222907634,0.0,0.0,0.2222222222222222,0.1111111111111111,0.1111111111111111,0.0,0.2222222222222222,0.0,0.0,benign
0.07838755902575294,0.4444444444444444,0.0,0.0,0.0,0.1111111111111111,0.0,0.2222222222222222,0.0,0.0,benign
0.07862137318285291,0.4444444444444444,0.0,0.1111111111111111,0.0,0.1111111111111111,0.0,0.2222222222222222,0.0,0.0,benign
0.08003262196626879,0.3333333333333333,0.0,0.0,0.0,0.1111111111111111,0.0,0.1111111111111111,0.0,0.0,benign
0.08080403692725333,0.5555555555555556,0.0,0.0,0.0,0.1111111111111111,0.0,0.1111111111111111,0.0,0.0,benign
0.0817551997886338,0.4444444444444444,0.0,0.0,0.0,0.1111111111111111,0.1111111111111111,0.1111111111111111,0.0,0.0,benign
0.08275744182071255,0.2222222222222222,0.0,0.0,0.0,0.1111111111111111,0.0,0.0,0.0,0.0,benign
0.08300111336163149,0.4444444444444444,0.2222222222222222,0.0,0.0,0.1111111111111111,0.0,0.0,0.0,0.0,benign
0.08372884218978197,0.3333333333333333,0.0,0.0,0.0,0.1111111111111111,0.0,0.1111111111111111,0.0,0.0,benign
0.08390433349261969,0.1111111111111111,0.0,0.2222222222222222,0.1111111111111111,0.1111111111111111,0.0,0.1111111111111111,0.0,0.0,benign
0.08469523918979176,0.4444444444444444,0.0,0.0,0.0,0.1111111111111111,0.0,0.1111111111111111,0.0,0.0,benign
0.0865574632829255,0.5555555555555556,1.0,1.0,1.0,0.3333333333333333,1.0,0.6666666666666666,1.0,0.0,malignant
0.08791203210938231,0.1111111111111111,0.0,0.0,0.0,0.0,0.0,0.0,0.0,0.0,benign
0.08791203210938231,0.2222222222222222,0.0,0.0,0.0,0.0,0.0,0.0,0.0,0.0,benign
0.0879442926382444,0.6666666666666666,0.7777777777777778,0.2222222222222222,0.6666666666666666,0.3333333333333333,0.4444444444444444,0.6666666666666666,0.7777777777777778,1.0,malignant
0.09144933935738968,0.2222222222222222,0.0,0.0,0.0,0.1111111111111111,0.0,0.1111111111111111,0.0,0.0,benign
0.09155538091059376,0.0,0.0,0.0,0.0,0.1111111111111111,0.0,0.2222222222222222,0.0,0.0,benign
0.09234195533305747,0.2222222222222222,0.1111111111111111,0.1111111111111111,0.1111111111111111,0.1111111111111111,0.0,0.3333333333333333,0.1111111111111111,0.0,benign
0.0928210092512294,0.3333333333333333,0.3333333333333333,0.1111111111111111,0.0,0.1111111111111111,0.4444444444444444,0.1111111111111111,0.0,1.0,benign
0.09336757131313123,0.2222222222222222,0.0,0.0,0.0,0.1111111111111111,0.0,0.0,0.0,0.0,benign
0.09339176670977778,0.3333333333333333,0.2222222222222222,0.0,0.0,0.1111111111111111,0.0,0.3333333333333333,0.7777777777777778,0.0,benign
0.0939355657171243,0.4444444444444444,0.1111111111111111,0.1111111111111111,0.1111111111111111,0.0,0.0,0.1111111111111111,0.0,0.0,benign
0.0939398223146825,0.4444444444444444,0.0,0.0,0.2222222222222222,0.1111111111111111,0.0,0.0,0.0,0.0,benign
0.09394183859773637,0.1111111111111111,0.0,0.0,0.0,0.1111111111111111,0.0,0.1111111111111111,0.0,0.0,benign
0.09398537537627015,0.4444444444444444,0.0,0.0,0.0,0.1111111111111111,0.0,0.1111111111111111,0.0,0.0,benign
0.09398619682492174,0.4444444444444444,0.0,0.0,0.0,0.1111111111111111,0.0,0.2222222222222222,0.0,0.0,benign
0.09398619682492174,0.4444444444444444,0.0,0.0,0.0,0.1111111111111111,0.0,0.2222222222222222,0.0,0.0,benign
0.09446330913718992,0.0,0.0,0.0,0.0,0.1111111111111111,0.0,0.2222222222222222,0.0,0.0,benign
0.09449497224885085,0.2222222222222222,0.0,0.0,0.0,0.1111111111111111,0.0,0.1111111111111111,0.0,0.0,benign
0.09469286669673169,0.3333333333333333,0.0,0.0,0.0,0.1111111111111111,0.0,0.2222222222222222,0.1111111111111111,0.0,benign
0.0946933894367827,0.4444444444444444,0.6666666666666666,1.0,1.0,0.4444444444444444,1.0,1.0,1.0,0.0,malignant
0.09481974317482586,0.2222222222222222,0.0,0.1111111111111111,0.0,0.1111111111111111,0.0,0.2222222222222222,0.0,0.0,benign
0.09489195597901483,0.3333333333333333,0.0,0.0,0.0,0.1111111111111111,0.2222222222222222,0.1111111111111111,0.0,0.0,benign
0.0955638262988578,0.7777777777777778,0.3333333333333333,0.3333333333333333,0.0,0.5555555555555556,1.0,0.1111111111111111,0.4444444444444444,1.0,malignant
0.09558667750680178,1.0,1.0,0.7777777777777778,1.0,0.5555555555555556,0.4444444444444444,1.0,0.2222222222222222,0.0,malignant
0.09564246133795913,0.7777777777777778,1.0,0.3333333333333333,0.3333333333333333,0.7777777777777778,1.0,0.7777777777777778,0.1111111111111111,0.0,malignant
0.0059410900339833305,0.6666666666666666,0.5555555555555556,1.0,0.4444444444444444,0.2222222222222222,1.0,0.8888888888888888,1.0,1.0,malignant
0.009003151898476116,0.2222222222222222,0.0,0.0,0.0,0.1111111111111111,0.0,0.1111111111111111,0.0,0.0,benign
0.019491258927559953,0.0,0.0,0.0,0.0,0.1111111111111111,0.0,0.1111111111111111,0.0,0.0,benign
0.023515834580255048,1.0,0.8888888888888888,0.6666666666666666,0.2222222222222222,0.3333333333333333,0.1111111111111111,0.6666666666666666,0.6666666666666666,0.0,malignant
0.024025730161436318,0.4444444444444444,0.0,0.1111111111111111,0.0,0.1111111111111111,0.0,0.2222222222222222,0.0,0.0,benign
0.046836164381433856,0.4444444444444444,0.0,0.0,0.0,0.1111111111111111,0.0,0.1111111111111111,0.0,0.0,benign
0.04717475058018545,0.0,0.0,0.0,0.0,0.1111111111111111,0.0,0.1111111111111111,0.0,0.0,benign
0.047184309255403845,0.0,0.0,0.0,0.0,0.1111111111111111,0.0,0.1111111111111111,0.0,0.0,benign
0.05681990193844706,0.0,0.0,0.0,0.0,0.1111111111111111,0.0,0.2222222222222222,0.0,0.0,benign
0.06035213114024466,0.4444444444444444,0.0,0.1111111111111111,0.0,0.1111111111111111,0.0,0.1111111111111111,0.0,0.0,benign
0.0608606078555732,0.4444444444444444,0.6666666666666666,1.0,0.5555555555555556,0.4444444444444444,1.0,0.6666666666666666,0.4444444444444444,0.0,malignant
0.0779860199894302,0.5555555555555556,1.0,0.4444444444444444,0.4444444444444444,0.3333333333333333,1.0,0.5555555555555556,1.0,0.0,malignant
0.07858926200829111,0.2222222222222222,0.0,0.0,0.0,0.1111111111111111,0.0,0.0,0.0,0.0,benign
0.08620297085119331,0.4444444444444444,0.0,0.0,0.5555555555555556,0.2222222222222222,0.0,0.0,0.0,0.0,benign
0.08782368904076229,0.0,0.0,0.0,0.0,0.1111111111111111,0.0,0.0,0.0,0.0,benign
0.08895265819663495,0.7777777777777778,1.0,1.0,1.0,0.5555555555555556,1.0,1.0,1.0,0.0,malignant
0.08949130448062154,0.4444444444444444,0.0,0.0,0.0,0.1111111111111111,0.0,0.1111111111111111,0.1111111111111111,0.0,benign
0.08997849820815912,0.8888888888888888,0.7777777777777778,0.7777777777777778,0.8888888888888888,0.5555555555555556,0.2222222222222222,0.3333333333333333,0.0,0.0,malignant
0.0902690669993683,0.4444444444444444,0.0,0.0,0.0,0.1111111111111111,0.0,0.0,0.0,0.0,benign
0.09191905863179363,0.3333333333333333,1.0,0.7777777777777778,0.4444444444444444,0.3333333333333333,0.0,1.0,0.0,0.0,malignant
0.09201374925817586,0.1111111111111111,0.4444444444444444,0.6666666666666666,0.5555555555555556,0.3333333333333333,1.0,0.6666666666666666,0.5555555555555556,0.0,malignant
0.09223442023685054,1.0,0.2222222222222222,0.3333333333333333,0.4444444444444444,0.2222222222222222,1.0,0.3333333333333333,0.0,0.0,malignant
0.09323442195442498,0.4444444444444444,0.0,0.1111111111111111,0.0,0.1111111111111111,0.0,0.0,0.0,0.0,benign
0.0935055746865968,0.3333333333333333,0.7777777777777778,0.5555555555555556,0.2222222222222222,0.3333333333333333,1.0,0.6666666666666666,0.0,0.0,malignant
0.09385170327751291,0.4444444444444444,0.0,0.0,0.0,0.1111111111111111,0.0,0.1111111111111111,0.0,0.0,benign
0.09423763478945561,0.3333333333333333,0.0,0.1111111111111111,0.0,0.1111111111111111,0.0,0.1111111111111111,0.0,0.0,benign
0.09481668141166996,0.4444444444444444,0.0,0.2222222222222222,0.0,0.1111111111111111,0.0,0.2222222222222222,0.0,0.0,benign
0.09484894194053205,0.2222222222222222,0.0,0.0,0.0,0.1111111111111111,0.0,0.1111111111111111,0.0,0.0,benign
0.09493586614329932,0.4444444444444444,0.1111111111111111,0.3333333333333333,0.0,0.0,0.0,0.0,0.0,0.0,benign
0.09509560056745672,0.2222222222222222,0.0,0.0,0.0,0.1111111111111111,0.0,0.1111111111111111,0.0,0.0,benign
0.09566695544320628,0.0,0.0,0.0,0.0,0.0,0.0,0.1111111111111111,0.0,0.0,benign
0.09612390492493565,0.3333333333333333,0.0,0.0,0.0,0.1111111111111111,0.0,0.1111111111111111,0.0,0.0,benign
0.09628035355448672,0.4444444444444444,0.3333333333333333,0.5555555555555556,0.7777777777777778,0.3333333333333333,0.0,0.7777777777777778,1.0,0.0,malignant
0.00933173135910845,0.4444444444444444,0.2222222222222222,0.1111111111111111,0.7777777777777778,0.4444444444444444,1.0,0.7777777777777778,0.0,1.0,malignant
0.021585878311940945,1.0,0.4444444444444444,1.0,0.2222222222222222,0.4444444444444444,0.7777777777777778,0.6666666666666666,0.7777777777777778,1.0,malignant
0.0216356879710868,0.3333333333333333,0.0,0.0,0.1111111111111111,0.1111111111111111,0.0,0.0,0.0,0.0,benign
0.02599347306772314,0.0,0.0,0.0,0.0,0.1111111111111111,0.0,0.0,0.0,0.0,benign
0.03690604501822384,0.4444444444444444,1.0,1.0,1.0,1.0,1.0,1.0,0.0,0.0,malignant
0.04279000703234723,0.4444444444444444,0.0,0.0,0.0,0.1111111111111111,0.0,0.0,0.0,0.0,benign
0.05024091968793614,1.0,0.3333333333333333,0.2222222222222222,1.0,0.2222222222222222,1.0,0.6666666666666666,0.0,1.0,malignant
0.055272740741769626,0.4444444444444444,1.0,1.0,1.0,0.4444444444444444,0.1111111111111111,0.7777777777777778,0.4444444444444444,0.0,malignant
0.05671386038524299,0.7777777777777778,1.0,1.0,1.0,0.5555555555555556,1.0,1.0,1.0,1.0,malignant
0.07118666546884518,0.1111111111111111,0.2222222222222222,0.0,0.0,0.1111111111111111,0.0,0.1111111111111111,0.0,0.0,benign
0.07230488111509713,0.1111111111111111,0.0,0.0,0.0,0.0,0.0,0.1111111111111111,0.0,0.0,benign
0.07300946002670305,0.3333333333333333,0.0,0.2222222222222222,0.0,0.1111111111111111,0.0,0.1111111111111111,0.0,0.0,benign
0.07309974470122681,0.2222222222222222,0.0,0.0,0.0,0.1111111111111111,0.0,0.1111111111111111,0.0,0.0,benign
0.0745737222907634,0.3333333333333333,0.0,0.0,0.0,0.1111111111111111,0.0,0.1111111111111111,0.0,0.0,benign
0.07545834781136582,0.4444444444444444,0.0,0.0,0.0,0.1111111111111111,0.0,0.1111111111111111,0.0,0.0,benign
0.07620370044695021,0.2222222222222222,0.0,0.0,0.0,0.1111111111111111,0.0,0.1111111111111111,0.0,0.0,benign
0.07713977852400165,0.5555555555555556,0.2222222222222222,0.2222222222222222,0.2222222222222222,0.2222222222222222,0.1111111111111111,0.5555555555555556,0.0,0.0,benign
0.0804438690321102,0.6666666666666666,0.0,0.1111111111111111,0.2222222222222222,0.1111111111111111,0.0,0.1111111111111111,0.0,0.0,benign
0.08111230420304658,0.0,0.0,0.0,0.0,0.1111111111111111,0.0,0.0,0.0,0.0,benign
0.08293898197271192,0.4444444444444444,0.0,0.0,0.1111111111111111,0.0,0.0,0.1111111111111111,0.0,0.0,benign
0.0836549118111397,0.2222222222222222,0.0,0.2222222222222222,0.0,0.2222222222222222,0.3333333333333333,0.0,0.0,0.0,benign
0.0841619696606155,0.3333333333333333,0.5555555555555556,0.5555555555555556,0.4444444444444444,0.6666666666666666,0.5555555555555556,0.6666666666666666,0.6666666666666666,1.0,malignant
0.0841739180046385,0.1111111111111111,0.0,0.0,0.0,0.1111111111111111,0.4444444444444444,0.0,0.0,0.0,benign
0.08587110559595465,0.1111111111111111,0.0,0.0,0.0,0.1111111111111111,0.0,0.0,0.0,0.0,benign
0.0862974374461251,0.3333333333333333,0.0,0.0,0.0,0.1111111111111111,0.0,0.0,0.0,0.0,benign
0.08677537120704486,0.5555555555555556,0.1111111111111111,0.2222222222222222,0.0,0.1111111111111111,0.0,0.0,0.0,0.0,benign
0.08755388049729307,0.4444444444444444,0.0,0.0,0.0,0.1111111111111111,0.0,0.1111111111111111,0.0,0.0,benign
0.08777567163321989,0.0,0.0,0.0,0.0,0.1111111111111111,0.0,0.0,0.0,0.0,benign
0.08890912141810116,0.7777777777777778,0.6666666666666666,0.3333333333333333,0.3333333333333333,0.4444444444444444,0.2222222222222222,0.4444444444444444,1.0,0.0,malignant
0.08916384517724137,0.2222222222222222,0.0,0.0,0.0,0.1111111111111111,0.0,0.0,0.0,0.0,benign
0.08940975703266461,0.2222222222222222,0.0,0.3333333333333333,0.0,0.1111111111111111,0.0,0.0,0.0,0.0,benign
0.09002905463880641,1.0,1.0,0.6666666666666666,0.7777777777777778,0.6666666666666666,0.0,1.0,1.0,1.0,malignant
0.09054096650304157,0.3333333333333333,0.1111111111111111,0.3333333333333333,0.2222222222222222,0.1111111111111111,0.1111111111111111,0.1111111111111111,0.0,0.0,benign
0.09068920064607683,0.3333333333333333,0.0,0.0,0.0,0.1111111111111111,0.0,0.0,0.0,0.0,benign
0.09068920064607683,0.4444444444444444,0.0,0.0,0.2222222222222222,0.1111111111111111,0.0,0.0,0.0,0.0,benign
0.09128139044671647,0.3333333333333333,0.0,0.0,0.2222222222222222,0.1111111111111111,0.0,0.0,0.0,0.0,benign
0.09149690870203123,0.2222222222222222,0.0,0.0,0.0,0.1111111111111111,0.0,0.1111111111111111,0.0,0.0,benign
0.09161601875651045,0.2222222222222222,0.0,0.0,0.0,0.1111111111111111,0.0,0.1111111111111111,0.0,0.0,benign
0.09193040955861548,0.0,0.0,0.0,0.0,0.1111111111111111,0.0,0.0,0.0,0.0,benign
0.09231746122781034,0.1111111111111111,0.0,0.0,0.0,0.1111111111111111,0.0,0.0,0.0,0.0,benign
0.0926081793733198,0.2222222222222222,0.0,0.0,0.0,0.1111111111111111,0.0,0.1111111111111111,0.0,0.0,benign
0.09317154379400398,0.0,0.1111111111111111,0.1111111111111111,0.0,0.1111111111111111,0.0,0.0,0.0,0.0,benign
0.09317714458026476,0.0,0.0,0.0,0.2222222222222222,0.1111111111111111,0.0,0.0,0.0,0.0,benign
0.09352805250879007,0.4444444444444444,1.0,1.0,1.0,1.0,0.1111111111111111,1.0,1.0,1.0,malignant
0.09374192786680165,0.2222222222222222,0.0,0.0,0.0,0.1111111111111111,0.0,0.1111111111111111,0.0,0.0,benign
0.09381197503363646,0.2222222222222222,0.0,0.0,0.1111111111111111,0.2222222222222222,0.3333333333333333,0.0,0.0,0.0,benign
0.09410082625039233,0.0,0.1111111111111111,0.0,0.2222222222222222,0.1111111111111111,0.0,0.1111111111111111,0.0,0.0,benign
0.0941825977297997,0.4444444444444444,0.0,0.0,0.0,0.1111111111111111,0.0,0.1111111111111111,0.1111111111111111,0.0,benign
0.09419073753916536,0.3333333333333333,0.0,0.0,0.0,0.1111111111111111,0.0,0.1111111111111111,0.0,0.0,benign
0.09422643321693407,0.2222222222222222,0.0,0.0,0.0,0.1111111111111111,0.0,0.2222222222222222,0.0,0.0,benign
0.09435584871813311,0.2222222222222222,0.0,0.0,0.0,0.1111111111111111,0.0,0.1111111111111111,0.0,0.0,benign
0.09461490375198166,0.4444444444444444,0.0,0.0,0.0,0.1111111111111111,0.0,0.1111111111111111,0.0,0.0,benign
0.09487746861188695,0.4444444444444444,0.3333333333333333,0.4444444444444444,0.0,0.7777777777777778,0.0,0.2222222222222222,0.5555555555555556,0.0,benign
0.09488777405860678,0.6666666666666666,0.7777777777777778,0.7777777777777778,0.6666666666666666,0.2222222222222222,1.0,0.6666666666666666,0.1111111111111111,1.0,malignant
0.09493646356050048,0.0,0.0,0.0,0.0,0.1111111111111111,0.0,0.0,0.0,0.0,benign
0.09531836250633542,0.0,0.0,0.0,0.0,0.1111111111111111,0.0,0.1111111111111111,0.0,0.0,benign
0.09531836250633542,0.3333333333333333,0.0,0.0,0.0,0.1111111111111111,0.0,0.2222222222222222,0.0,0.0,benign
1.0,0.0,0.0,0.2222222222222222,0.0,0.1111111111111111,0.0,0.1111111111111111,0.0,0.0,benign
0.09574185662480042,0.0,0.0,0.2222222222222222,0.0,0.1111111111111111,0.0,0.1111111111111111,0.0,0.0,benign
0.09575238610297068,0.2222222222222222,0.0,0.0,0.2222222222222222,0.1111111111111111,0.0,0.1111111111111111,0.0,0.0,benign
0.09591339003868052,0.0,0.0,0.0,0.0,0.1111111111111111,0.0,0.0,0.0,0.0,benign
0.09592787740580841,0.4444444444444444,0.1111111111111111,0.1111111111111111,0.1111111111111111,0.1111111111111111,0.0,0.0,0.0,1.0,benign
0.0959956842581389,0.2222222222222222,0.0,0.0,0.0,0.1111111111111111,0.0,0.2222222222222222,0.0,0.0,benign
0.09610531031454986,0.4444444444444444,0.6666666666666666,0.3333333333333333,0.0,0.5555555555555556,0.0,0.6666666666666666,1.0,1.0,malignant
0.09611307673816481,0.4444444444444444,1.0,1.0,0.7777777777777778,0.4444444444444444,0.4444444444444444,0.6666666666666666,1.0,0.0,malignant
0.09629416882726331,0.2222222222222222,1.0,0.6666666666666666,0.7777777777777778,0.4444444444444444,0.7777777777777778,0.6666666666666666,0.3333333333333333,0.0,malignant
0.09631239005189837,0.2222222222222222,0.1111111111111111,0.0,0.1111111111111111,0.1111111111111111,0.0,0.2222222222222222,0.0,0.0,benign
0.09644292571034958,0.1111111111111111,0.0,0.0,0.0,0.1111111111111111,0.0,0.2222222222222222,0.0,0.0,benign
0.09644292571034958,0.4444444444444444,0.2222222222222222,0.1111111111111111,0.0,0.2222222222222222,0.0,0.0,0.0,0.0,benign
0.09647429011340995,0.0,0.0,0.0,0.0,0.1111111111111111,0.0,0.1111111111111111,0.0,0.0,benign
0.09720724634207048,0.3333333333333333,0.0,0.3333333333333333,0.0,0.1111111111111111,0.0,0.0,0.0,0.0,benign
0.09722613966105685,0.0,0.0,0.1111111111111111,0.0,0.1111111111111111,0.0,0.1111111111111111,0.0,0.0,benign
0.09744561580532922,0.4444444444444444,0.0,0.0,0.0,0.1111111111111111,0.0,0.0,0.0,0.0,benign
0.09744606386823008,0.0,0.0,0.0,0.0,0.1111111111111111,0.0,0.0,0.0,0.0,benign
0.0974915422526676,0.1111111111111111,0.0,0.0,0.0,0.1111111111111111,0.0,0.0,0.0,0.0,benign
0.09756166409665254,1.0,1.0,1.0,1.0,0.4444444444444444,1.0,1.0,1.0,1.0,malignant
0.09765165006257572,0.4444444444444444,1.0,1.0,1.0,0.3333333333333333,1.0,0.4444444444444444,0.5555555555555556,1.0,malignant
0.0977184114348042,0.4444444444444444,0.0,0.0,0.0,0.1111111111111111,0.0,0.2222222222222222,0.1111111111111111,0.0,benign
0.030134545074642426,0.0,0.0,0.0,0.0,0.1111111111111111,0.0,0.0,0.0,0.0,benign
0.030134545074642426,0.0,0.0,0.0,0.0,0.1111111111111111,0.0,0.0,0.0,0.0,benign
0.03518637960471443,0.0,0.0,0.0,0.0,0.1111111111111111,0.0,0.0,0.0,0.0,benign
0.03534715950897384,0.0,0.0,0.0,0.0,0.1111111111111111,0.0,0.0,0.0,0.0,benign
0.03756044088493319,0.2222222222222222,0.0,0.0,0.0,0.1111111111111111,0.0,0.1111111111111111,0.2222222222222222,0.0,benign
0.0403087093645221,0.3333333333333333,0.0,0.0,0.0,0.1111111111111111,0.0,0.0,0.0,0.0,benign
0.04414696552760863,0.0,0.0,0.0,0.0,0.1111111111111111,0.0,0.0,0.0,1.0,benign
0.04414696552760863,0.0,0.0,0.0,0.2222222222222222,0.1111111111111111,0.0,0.0,0.0,0.0,benign
0.04717475058018545,0.4444444444444444,1.0,1.0,0.4444444444444444,0.3333333333333333,0.4444444444444444,0.3333333333333333,0.3333333333333333,0.0,malignant
0.04858973322110851,0.2222222222222222,0.0,0.0,0.0,0.1111111111111111,0.0,0.0,0.0,0.0,benign
0.05226355029957859,0.2222222222222222,0.0,0.0,0.0,0.1111111111111111,0.0,0.1111111111111111,0.0,1.0,benign
0.053270198283515834,0.2222222222222222,0.0,0.0,0.0,0.2222222222222222,0.1111111111111111,0.0,0.0,0.0,benign
0.0581282456089649,0.1111111111111111,0.0,0.0,0.0,0.1111111111111111,0.0,0.0,0.0,0.0,benign
0.06164188020037672,0.4444444444444444,1.0,1.0,0.2222222222222222,0.6666666666666666,0.2222222222222222,0.7777777777777778,1.0,1.0,malignant
0.062287912226269976,0.3333333333333333,0.7777777777777778,0.5555555555555556,0.3333333333333333,0.2222222222222222,0.3333333333333333,1.0,0.5555555555555556,0.0,malignant
0.062287912226269976,0.3333333333333333,0.7777777777777778,0.7777777777777778,0.4444444444444444,0.3333333333333333,0.4444444444444444,1.0,0.3333333333333333,0.0,malignant
